15
1000
[198 52 117 -214 25 29 -43 -98 -45 -170 -18 -273 34 -240 59]
[137 -136 67 53 -249 47 -414 -13 0 -45 -63 117 93 192 -37]
[91 182 312 204 164 55 166 31 156 -90 -59 117 105 -162 5]
[-63 79 94 290 375 159 144 0 197 54 4 27 -24 48 -39]
[240 53 -136 -53 -116 -1 -64 -142 279 320 254 47 11 11 -180]
[-217 123 -127 -34 -22 -92 37 -102 -9 16 -81 113 -24 -39 -95]
[151 -13 338 40 208 121 291 -132 -7 112 -25 216 253 -162 169]
[56 -85 -31 -1 0 -11 1 -178 -387 -58 224 24 -163 -265 -107]
[26 -44 18 167 166 224 252 55 14 -66 -58 -190 -311 -112 37]
[18 173 234 54 79 213 33 22 -164 -61 -256 -73 -360 101 16]
[-92 124 10 205 108 -158 -67 -115 229 -346 -231 -352 123 147 -21]
[2 -191 20 -10 170 163 47 -184 -273 -154 -214 -284 -189 -44 54]
[-10 195 60 107 90 295 -75 146 -133 7 -143 85 -12 -60 96]
[54 -66 -351 -127 -117 499 283 23 210 88 -21 -133 -88 -161 -23]
[50 -156 -81 -149 -158 -24 18 -127 23 113 -113 -15 88 140 14]
[164 -99 -93 92 -23 -24 40 176 -109 154 188 95 11 159 -199]
[210 29 -136 -133 -199 -237 -364 -33 -192 -183 -235 47 -82 -25 -8]
[194 81 -58 -133 188 244 89 98 20 149 -78 -61 47 43 -43]
[235 0 396 91 -295 -61 -151 -18 63 -213 -2 -150 -341 178 -27]
[28 -15 80 -7 -17 55 -38 -57 70 126 124 35 94 67 125]
[85 -100 82 -91 1 303 -137 210 -30 -219 -22 -116 -42 -223 67]
[-37 381 130 182 -235 -195 -77 -221 -104 -69 222 337 267 302]
[-118 64 -216 -112 -260 -185 -157 -231 -82 51 88 41 106 231 104]
[72 -100 -170 33 -82 -134 -173 -106 -67 96 -138 -24 -13 -79 163]
[418 136 151 -16 -55 -186 111 -125 80 95 168 -76 -65 -8 1]
[178 190 72 -49 -118 -155 10 -49 -186 -33 -18 29 60 -17 -4]
[65 123 71 43 -95 -10 -23 22 17 -26 -96 38 55 -112 26]
[163 136 175 -247 266 5 -161 89 29 88 105 59 182 -200]
[-95 186 -117 105 -130 -10 29 -7 -134 -207 -220 30 503 69 14]
[36 -137 32 92 -83 -367 -205 219 -161 -180 -90 28 45 41 -98]
[290 65 221 -43 83 11 193 224 -1 -15 -62 -131 -307 -133 97]
[-84 43 -14 46 18 -178 -223 -54 -43 100 -67 -39 59 46 -2]
[125 -107 -100 17 172 168 49 -126 10 -85 20 173 400 165 65]
[75 211 180 61 97 -52 -165 -102 27 -162 -64 -14 -130 -53 -25]
[53 -52 138 -56 100 -23 38 32 66 92 107 150 130 85 25]
[273 2 -47 -14 137 71 51 -38 -10 202 -43 -104 131 -54 -33]
[202 74 193 -202 124 -84 184 137 -164 -102 272 -159 174 232 -241]
[110 -456 -82 -214 31 48 34 223 5 101 125 295 455 68 -3]
[92 189 -23 112 -40 -88 36 80 -463 35 -248 -20 -37 -265 -8]
[67 -18 -43 90 90 -123 -90 -2 -24 184 55 19 171 -116 25]
[163 -28 199 28 164 65 56 -75 133 -7 4 22 50 197 -18]
[440 198 217 149 329 68 -315 -158 -201 -265 -465 -178 42 -71 71]
[147 241 -20 -160 165 11 76 -115 66 -97 -220 222 5 22 51]
[-86 -229 -354 -189 2 25 239 143 169 85 135 -83 121 77 -31]
[-31 -68 -41 -67 66 -202 168 -119 -51 69 -89 2 187 -222 -191]
[51 21 -162 -102 38 -148 4 57 -125 204 -102 138 -316 205 -66]
[7 43 46 85 71 -224 60 -351 1 -53 -229 -5 26 152 -119]
[274 -65 -145 -157 -155 -46 -139 159 185 -65 225 -46 226 3 -2]
[-97 113 -24 135 184 -52 -325 79 -37 91 -61 -151 -55 13 -108]
[-104 -24 -13 -121 35 132 207 295 278 222 136 153 31 62 -33]
[-9 -131 145 186 -227 126 -101 -457 -124 -13 -206 -49 128 -107 -29]
[305 -265 -162 -45 -290 228 65 125 365 196 -188 224 177 74 -47]
[100 49 -55 70 45 117 18 168 -82 -133 -14 -11 -88 -128 -169]
[-23 -238 27 361 -124 -159 241 31 -26 -98 -187 -260 -145 75 -76]
[253 172 -86 -152 -93 -326 266 -190 228 -25 89 118 276 -43 15]
[91 58 -351 120 -105 187 -11 319 -31 -97 96 69 -73 63 56]
[-2 105 -145 114 74 -145 -153 -97 162 -34 -66 -176 -77 -134 107]
[92 -24 -135 -95 -249 -116 -128 -143 42 -160 300 -10 220 416 3]
[254 155 281 -172 95 383 158 -72 -146 -40 77 -48 -25 -71 119]
[3 -658 -153 -332 -186 -120 -104 -297 406 -13 228 549 338 -127]
[58 84 25 -8 31 48 24 0 71 -36 39 8 -7 48 16]
[-114 -72 47 -50 28 65 -30 160 -17 -12 -55 -170 19 -369 97]
[-7 -103 54 -108 -7 162 -154 140 19 119 102 -157 28 30 -174]
[43 94 307 66 67 -73 -6 -64 -66 -143 -53 154 -222 47 3]
[306 -177 50 -41 -262 -232 193 133 124 211 -57 98 6 -179 1]
[-59 -35 -106 -7 82 17 42 -47 -189 -132 68 57 -89 85 160]
[-244 -97 6 -28 -191 -40 -40 212 -5 134 61 96 97 121 180]
[-132 -289 9 35 -83 -268 -195 -90 -16 79 -184 -297 -228 -183 -46]
[175 71 -233 -168 9 -212 0 -78 69 114 -54 -147 -158 -116 65]
[-136 274 -82 296 106 103 72 219 -142 176 17 76 -146 -7 -4]
[-4 182 -78 -73 41 106 58 177 100 -230 -124 -149 42 -245 -70]
[133 -121 99 -103 -118 -154 -40 -67 112 -334 -181 -95 72 -111 15]
[110 -152 -24 136 69 183 108 -63 -186 -158 -137 -93 -312 -48 -320]
[102 -15 -369 315 -150 -46 257 -270 314 -49 97 -58 157 -281 -10]
[2 81 -30 9 174 19 -5 28 -250 153 -45 13 288 -36 66]
[186 222 24 -94 -39 95 4 18 -94 -26 -30 -31 -79 -303 -248]
[203 -159 -190 -76 108 -260 -168 119 -199 -29 67 44 66 211 2]
[-159 18 -112 -138 -187 -224 -348 124 205 240 253 132 43 15 20]
[-82 -72 -198 70 -38 10 55 -4 -18 49 9 67 158 -77 -131]
[-158 58 36 -96 67 -261 16 -328 -185 -235 -47 -41 -37 127 30]
[83 90 13 -25 -76 76 264 71 247 252 -4 170 38 13 11]
[115 96 -7 23 123 -57 101 -3 198 294 73 147 207 -86 23]
[-180 -206 -124 -107 -48 194 40 -203 -64 -154 -124 -186 11 -26 91]
[-20 -19 -98 -120 -173 144 44 -49 136 36 144 74 -87 -118 83]
[-60 -102 -25 -121 -146 76 -88 -92 -26 69 40 -78 -36 -178 26]
[16 109 95 -6 16 51 104 -128 -34 6 115 68 204 151 32]
[-111 -129 72 -94 10 -90 -314 -160 104 96 -90 -140 33 -21 -167]
[-20 -38 172 135 149 -120 -133 120 366 373 456 44 47 -62 18]
[29 22 311 165 -4 -103 -25 193 33 166 -27 21 29 123 109]
[-104 77 -293 117 50 45 243 283 -166 197 -302 80 264 238 -70]
[27 -95 -105 120 -30 -21 128 56 244 183 -39 35 294 23 -105]
[-59 67 -227 -26 -160 -125 25 -124 -31 -9 -33 -216 -13 -211 104]
[52 -55 189 136 265 233 202 43 -16 60 130 204 132 -21 117]
[26 114 -64 76 -191 66 92 -263 2 153 64 9 -228 114 309]
[-21 -125 -117 -211 -142 -182 -88 -70 64 -33 76 43 -137 54 -192]
[173 77 205 -95 -205 136 180 83 74 -124 244 47 -58 -158 112]
[-89 222 -106 74 -43 -91 48 -401 147 1 -86 50 -163 73 128]
[35 18 68 -200 2 85 29 -59 103 -55 -370 13 -67 -219 -29]
[-42 -62 -66 -45 -169 -140 -1 3 -63 -117 -28 63 57 -78 -26]
[316 4 -102 38 39 -61 59 -173 -86 -170 -110 -29 -155 10 42]
[-215 -112 -151 -270 83 -50 -79 -74 183 70 -107 255 -59 20 83]
[118 61 267 81 -44 55 -51 42 -71 -379 54 9 252 5 -80]
[-73 -187 -97 -200 -96 -63 -60 -42 -20 167 72 136 194 -60 -105]
[48 80 180 64 -14 -143 -167 -156 -51 75 -207 162 57 9 123]
[230 212 135 193 60 214 18 -144 -146 4 -39 10 133 -42 -28]
[55 172 129 19 137 -35 79 -42 97 -61 77 150 99 143 136]
[146 -68 -89 -81 205 137 355 388 176 53 205 167 188 29 -41]
[-175 -211 -64 -64 -224 -147 145 -53 46 -20 -78 -10 233 166 -145]
[-69 41 64 -151 -283 -9 76 230 217 40 -4 -25 86 3 81]
[83 -232 -207 -16 218 -158 115 78 -57 77 6 4 -39 79 214]
[-1 16 -175 -64 42 106 230 336 325 7 -186 -293 -51 40 7]
[49 99 -98 114 -110 -172 46 -107 83 -96 135 -98 103 -79 -95]
[-22 -295 -376 -40 222 -55 195 -110 50 395 -152 -63 311 -8 -98]
[-26 -437 -358 -106 72 280 44 133 -113 -319 22 -142 -3 -126 -13]
[198 125 110 -65 190 70 -93 98 -6 46 -10 147 42 -26 -123]
[-110 -100 -17 -126 -122 87 157 166 -131 -28 -70 -140 32 81 -76]
[-83 -11 113 34 108 9 -134 -167 49 -37 213 186 65 -53 -226]
[-81 -130 108 135 -44 246 308 131 198 86 267 481 -42 -217 10]
[-294 28 78 73 80 52 216 38 20 -105 -246 -244 60 8 -66]
[-24 96 -81 174 171 -16 -205 -105 -153 -331 -154 -28 70 -140 -56]
[16 -116 -59 -42 -172 24 -28 -16 -30 184 58 10 124 119 -8]
[49 -304 171 -37 -101 -181 4 187 -30 -43 194 174 -108 -205 105]
[43 80 -7 118 102 51 2 164 240 70 28 81 7 -55 45]
[40 -63 128 240 180 123 -46 -31 -155 -84 -217 1 -183 -50 -46]
[-15 117 33 108 177 72 18 92 25 -84 103 167 16 -8 142]
[-193 11 -19 0 13 196 -29 92 -115 24 -145 72 -34 -130 -109]
[0 -105 -61 -38 -211 -129 118 62 -243 -247 26 11 -238 -240 80]
[533 55 66 -134 57 -249 57 -128 -453 -200 -11 -66 134 15 101]
[-206 -186 -6 246 -117 -96 229 129 -72 308 81 151 61 -34 8]
[149 298 -17 180 22 -33 86 108 -145 102 -163 90 31 -108 57]
[-240 -80 -302 -56 123 162 -10 -157 67 12 77 -11 -129 -92 -134]
[77 35 -81 63 -62 -218 31 -5 28 -158 -112 -88 -107 -190 -58]
[-13 -50 -40 -162 21 75 -33 135 95 -24 6 172 85 -138 -178]
[-230 -61 -54 -183 -208 -363 -101 -76 -238 77 -197 -82 -140 -62 -20]
[-213 -324 -6 -287 -105 -55 153 59 -60 91 -55 -98 -26 93 -60]
[168 134 -150 -29 -146 84 247 -133 -122 119 303 -18 -85 -20 -11]
[157 345 -62 34 -219 288 17 23 111 -80 -74 82 -136 -75 -2]
[150 161 -102 203 -238 278 -394 177 -374 -23 78 269 71 -127 -73]
[184 161 46 150 154 53 279 89 -57 167 120 29 130 93 -77]
[238 -188 -377 227 -199 -294 -70 31 -47 -169 8 -95 -74 -242 6]
[99 121 37 -15 -14 -18 277 203 244 -116 -156 37 -159 -291 73]
[224 -38 139 -77 -147 41 -93 100 28 49 -31 -130 81 39 -127]
[-104 -195 -14 102 -123 149 178 -141 86 86 -243 -151 -249 -176 16]
[-364 79 521 -15 172 241 -74 46 141 -119 -246 44 -9 271 -14]
[83 176 -236 -289 86 -5 -167 71 -178 208 33 -93 -186 -212 -44]
[191 62 -184 54 -98 -114 -190 -64 -128 -67 -12 48 21 -321 -58]
[-98 -5 -39 -62 -82 52 -96 59 -85 29 10 44 -42 33 44]
[71 -133 122 -113 74 120 174 -70 228 -75 -84 -96 157 2 -11]
[216 -105 8 183 -133 -52 -6 -10 -59 14 101 -171 42 -53 55]
[23 -181 -144 -110 -125 -270 42 285 129 188 79 101 175 -85 36]
[-32 -251 76 -53 -111 33 44 -176 -139 -4 11 -205 144 -169 -88]
[-252 259 194 -8 63 14 90 -327 -125 80 77 -49 -23 6 19]
[-177 -364 -86 220 115 130 63 125 144 -85 -51 -184 -57 59 -28]
[-62 278 221 86 198 19 -34 -289 156 179 136 -22 -21 -114 57]
[-23 -99 52 13 9 -109 -352 -286 -22 163 -58 -86 -40 303 258]
[-193 -28 -63 119 108 47 -7 325 186 111 -12 26 244 -132 34]
[212 22 101 290 142 173 -175 -125 -225 -67 -108 17 -289 -76 -29]
[-177 177 314 188 27 -128 -9 150 313 100 44 267 272 -112 10]
[33 -403 -103 -450 -11 -63 -11 -277 -381 116 -493 201 -57 -18 -14]
[104 211 -218 -55 108 -163 -26 -175 -85 -222 192 66 90 -13 -5]
[-139 -311 -207 -180 7 225 -99 -183 27 64 -117 -51 -87 -65 -43]
[-30 -91 -65 181 -200 -242 -96 -143 -113 -72 -13 -96 39 -142 153]
[335 46 58 67 -82 187 268 50 538 111 45 360 30 35]
[-140 -51 -48 59 -141 -101 -124 -73 -156 -136 -23 99 181 238 133]
[231 186 263 438 516 -340 69 -118 -102 -54 -580 87 159 285 -11]
[-68 -27 23 -16 -25 -226 -82 -98 173 135 142 -38 -32 -43 -21]
[78 -41 98 39 -3 -118 368 -101 159 21 -201 -157 96 -105 -31]
[-151 -155 -105 -89 -250 -112 6 -39 44 129 -44 62 69 242 -228]
[69 19 78 -209 -200 35 40 -329 79 -147 -104 6 20 18 166]
[81 172 38 163 259 144 197 38 -2 95 -6 124 94 15 7]
[-49 55 47 134 198 -44 38 -107 -60 16 -11 71 200 201 59]
[115 74 -175 -178 32 -50 124 40 -72 40 -85 -354 -58 267 -40]
[-272 -273 -83 -11 -203 -80 -119 -181 70 71 -128 -23 -42 2 -8]
[171 49 50 35 -11 33 232 92 197 139 79 -92 151 24 -230]
[-36 -57 285 -57 139 140 189 107 128 35 282 92 84 75 62]
[-100 132 148 95 -93 -38 -103 68 109 -91 9 369 -221 303 -2]
[-72 -51 59 -112 144 -51 159 246 244 -157 283 -186 122 -88 34]
[-119 67 -30 -110 261 147 184 321 102 288 80 -77 90 101 67]
[-222 -144 -115 -114 74 10 65 44 235 285 -58 365 -187 241 -43]
[63 149 -204 -202 403 57 -58 105 -48 -300 188 86 127 199 -31]
[-8 127 7 132 55 -79 -210 -85 33 46 -145 -27 -33 46 -211]
[-45 -182 261 194 43 61 -20 144 120 -196 -296 2 148 3 48]
[318 208 131 -61 52 133 166 242 320 142 165 -65 31 -252 -27]
[-11 55 -39 -54 18 -23 7 99 76 200 177 120 76 278 -36]
[243 -2 288 31 187 -27 88 -53 -102 -51 -75 160 3 -111 -42]
[-1 11 94 -10 -82 -75 -122 -89 -159 -40 -50 -107 -34 -48 -126]
[4 -98 251 107 60 78 211 162 100 62 37 220 227 216 -222]
[-45 -19 -39 169 178 101 -148 -82 130 -130 -85 -69 -266 -122 121]
[417 115 -208 305 -103 -202 67 -126 83 119 236 19 -36 -192 52]
[112 -192 260 -281 250 119 96 -259 -66 -14 -18 159 251 101 24]
[-36 -164 -57 -65 78 -18 236 102 58 72 28 45 -38 114 -19]
[5 205 -81 -180 103 -201 118 -238 -80 -245 -163 -193 -185 -42 -29]
[-47 -95 -90 68 -242 57 -71 -132 64 118 61 182 156 -46 118]
[-29 -8 57 250 225 195 63 127 65 -12 57 -286 -241 -152 140]
[102 109 6 224 -109 -40 133 125 -6 88 186 53 72 78 120]
[1 19 -149 22 425 475 -76 227 275 83 -4 25 -344 63 10]
[-44 -60 159 97 19 -137 190 66 -80 -113 204 45 144 261 19]
[12 -137 -12 49 362 101 -171 -8 -95 49 7 -30 -121 -108 24]
[-59 -101 109 84 -183 -400 61 26 210 -3 162 -71 -120 57 -75]
[68 -59 -312 -164 -61 125 194 -52 -136 -237 5 9 94 -97 68]
[-25 -291 -14 -133 -4 -9 -4 -6 -150 -107 -199 -38 -87 48 -42]
[34 263 -187 -17 269 62 -38 -106 127 -149 10 131 -92 101 -49]
[-156 -83 90 236 139 19 35 -259 -281 -17 82 99 -98 89 -17]
[-229 -269 -21 122 52 -160 -119 -170 -125 -107 -14 -8 129 63 -57]
[-104 -63 -187 -205 -97 53 -227 -132 -152 -51 -43 -59 -215 -148 -86]
[49 -149 -135 -220 -40 -300 139 -25 -32 39 -196 103 28 49 31]
[-294 -115 -378 225 -128 -74 -303 99 -54 37 88 91 -3 53 -46]
[-159 32 97 -211 95 24 87 95 -105 273 69 135 222 -41 70]
[274 -121 162 138 -144 158 -73 -200 -102 320 -165 -35 101 250 -26]
[76 49 -19 51 -150 81 77 -25 -43 -185 124 68 -151 69 266]
[148 79 13 24 156 -188 -172 136 46 122 180 -10 -157 64 -27]
[-81 -126 -224 -75 20 2 125 -30 -95 -143 37 -165 -16 -96 -72]
[75 337 390 272 155 24 264 -26 -135 74 -193 -27 -8 216 -16]
[76 -213 118 109 -111 119 -33 -26 312 55 314 93 -196 129 -46]
[-90 -85 -101 -128 -111 -230 -61 46 -62 19 17 -141 77 23 -119]
[94 -180 -292 -58 -225 -431 -170 -65 71 -24 -155 228 68 -70 -16]
[264 9 -128 -153 60 -123 -25 131 194 -104 -196 164 69 22 5]
[258 -98 -111 -146 -60 133 7 -124 -114 168 -42 9 -96 -87 -269]
[36 21 94 345 82 -44 -36 13 22 64 95 115 -65 11 132]
[30 341 272 165 171 138 -12 98 167 156 278 101 101 70 77]
[221 121 154 134 179 407 120 183 -88 289 -110 162 -92 212 -120]
[302 42 90 143 126 260 327 -1 68 392 -26 228 52 -199 7]
[-52 -38 51 131 56 -185 -270 -79 -29 -46 -139 19 116 43 24]
[-262 -284 -94 -95 -118 -139 -29 -121 14 166 34 -34 -226 -157 -110]
[72 0 -352 319 -255 41 132 -108 12 156 -54 160 19 -149 -7]
[-44 122 -159 122 51 -26 -58 95 -5 -4 127 130 -5 -169 -27]
[45 170 186 225 31 72 181 114 145 -68 118 -43 -18 -94 108]
[-186 56 -88 250 -43 5 -66 -185 0 -115 -284 -368 -100 31 -10]
[-36 -27 -4 164 -21 -146 -86 -7 108 -74 27 19 -57 -45 -111]
[19 14 366 226 -321 -201 -52 319 39 105 20 108 -127 455 -20]
[-226 -216 -284 -59 165 69 50 -4 160 69 -252 124 -274 -170 -26]
[24 9 -65 142 -98 6 153 47 103 413 290 -94 -106 -124 21]
[2 123 46 -8 104 27 83 72 54 82 -114 28 24 97 -75]
[244 116 242 -208 98 -141 -145 159 247 232 136 22 87 28 130]
[26 290 310 137 199 202 238 81 -160 -213 -31 -60 254 123]
[-1 -140 -82 -106 -146 -401 -77 -267 102 -61 -68 91 302 -145 32]
[28 -126 14 58 -28 137 -12 -67 -173 -94 -113 62 -96 -166 -74]
[4 -136 44 177 204 174 73 80 198 158 -212 197 -13 147 7]
[283 -21 18 159 348 -63 369 180 27 -26 138 -67 192 -123]
[-124 144 -44 168 165 -73 -8 166 -260 -110 364 -21 116 190 17]
[138 -78 31 -135 -288 -287 -171 14 -82 303 -263 78 -210 113 12]
[-171 -197 -111 4 -1 31 -14 -91 -274 -218 -118 -173 -66 -49 34]
[-24 -157 -166 -55 112 206 236 195 -24 -108 23 -47 135 181 130]
[-100 -16 -106 -49 202 347 -99 -11 -91 38 260 -112 303 17 -186]
[-13 87 119 -38 38 11 -45 39 75 -102 -148 -181 -53 -106 59]
[-96 95 -48 11 46 155 178 -35 -63 -117 -68 -19 -175 -193 -109]
[-38 82 36 -158 -37 78 -129 -113 -4 -52 152 152 89 19 -101]
[118 65 148 97 7 -30 -6 -141 -106 -187 -113 -8 13 -49 -94]
[233 80 -42 80 67 -54 46 200 113 152 39 231 73 165 31]
[20 -197 -199 -29 123 -75 89 -120 168 -279 -38 53 26 -96 135]
[-196 -285 -174 -96 -63 77 21 60 68 -32 -99 33 176 59 -40]
[130 244 143 182 184 126 99 31 68 -24 -49 -100 -53 -46 -36]
[126 157 110 -38 -198 44 -157 -129 -21 90 -34 -159 -200 -155 1]
[143 1 -211 -68 -80 -62 -160 -245 -337 -73 -42 207 -134 192 34]
[-63 132 -65 -186 -167 -137 103 -37 35 -191 142 190 169 -187 -61]
[-3 -91 -41 -58 -159 -97 64 -70 -75 106 159 82 9 193 67]
[35 -194 -43 -246 -38 -52 -14 -66 -210 -223 -212 -200 -63 66 -52]
[114 104 81 -187 -284 -175 -124 37 383 194 382 115 -179 52 39]
[-158 72 -145 -61 -211 -129 103 -71 -7 -61 -216 -94 -37 75 23]
[-37 -1 14 -237 -258 -223 -386 -161 59 49 -136 -1 -54 87 -23]
[18 -154 -92 -67 -3 59 -78 94 191 79 53 35 225 125 186]
[-148 -48 197 -107 65 48 -1 241 267 -22 275 238 313 -63 -93]
[29 -134 -161 -246 -84 -137 -281 -123 -219 -24 -215 64 -97 145 -13]
[-29 40 -284 -309 -20 248 39 0 -61 77 201 124 28 261 -27]
[-347 -98 -100 -35 -15 -43 -17 -138 -116 141 33 15 417 5 33]
[-263 257 156 9 263 -6 -100 139 130 -74 97 356 159 -28 134]
[64 123 -56 -85 -18 -25 -79 -123 -81 -201 -96 -99 19 -55 -120]
[-206 176 -219 203 312 -32 76 408 91 -11 125 -128 -115 0 33]
[99 26 -33 -57 -203 -143 -86 -99 -70 -211 -101 84 116 -7 -88]
[-229 -8 -107 67 -165 -28 49 15 -52 -270 40 -64 40 -179 -47]
[96 208 244 325 324 52 22 6 23 -23 -383 -9 123 175 -2]
[-144 -290 -104 -123 -44 186 205 284 412 109 -89 71 -67 -74 -11]
[103 224 184 128 73 -9 -104 -280 -88 4 20 43 -214 -99 8]
[-222 -162 -18 60 -236 97 50 -81 -74 136 340 264 -55 -194]
[276 17 102 167 59 180 114 -318 136 -390 33 -230 -37 75 -26]
[20 198 282 131 -58 -59 -191 127 -12 105 154 -139 -252 -26 159]
[-59 75 104 143 -48 126 107 138 114 469 206 275 110 21 36]
[306 -14 186 -65 -128 -338 -233 -163 -181 -111 -171 -57 -15 169 9]
[-93 -129 -148 34 136 69 174 -6 27 3 -2 -317 -63 117 -89]
[-105 -96 -79 84 313 233 74 80 -40 -72 56 -16 -64 -65 -176]
[-249 18 113 -89 -143 181 8 -106 154 129 -11 43 44 117 -85]
[74 44 -74 -170 -142 -234 -228 -298 -153 -158 23 166 155 172 11]
[-347 -88 -162 16 -189 -204 3 -84 85 -100 -148 55 94 -242 -57]
[-164 -94 -13 88 112 -167 27 372 322 46 523 155 145 -114 24]
[-334 -104 -66 -10 -13 -188 112 -159 98 -136 291 -51 -334 -276 -36]
[77 -138 -158 120 -43 55 -7 -227 213 -18 88 176 47 125 14]
[-139 -41 97 -113 -138 -159 -143 -48 51 234 170 148 106 -35 -110]
[-100 295 269 189 75 76 235 271 -47 26 -186 55 95 83 -73]
[44 -80 -64 -34 2 -365 -180 77 107 -136 -25 93 0 -177 137]
[-90 -173 -45 44 10 64 195 109 52 70 194 148 89 63 -115]
[346 -123 191 154 -39 85 323 275 -24 -69 -157 -95 -13 56 4]
[-6 -46 -82 -156 159 30 -77 -10 84 63 64 151 -12 -36 34]
[204 154 158 116 94 41 -121 101 182 -131 -127 -16 43 -80 -5]
[92 -58 50 282 -90 -86 78 160 20 88 52 -116 28 -25 -157]
[-275 -235 -148 -197 23 -51 -130 125 -41 430 -3 356 246 353 19]
[68 -172 -65 -13 107 -92 -16 -134 144 361 58 205 226 192 36]
[113 75 -139 -80 132 -53 61 127 18 -62 9 148 0 -104 -212]
[94 29 -47 -80 -111 186 -34 77 -9 111 181 -61 74 28 48]
[-22 -194 -63 -2 121 18 -171 -201 -154 -195 -131 -104 -286 42 -61]
[125 -196 -108 -11 99 -48 -38 277 103 162 106 59 -132 76 54]
[-104 -80 43 3 32 -146 -159 -184 -26 8 57 88 134 117 22]
[19 48 122 167 238 132 -34 -84 -42 101 -105 -36 -182 -66 17]
[-116 -159 -66 237 166 -187 -317 -143 20 -81 -33 63 -33 63 60]
[13 -137 153 -152 -70 50 23 24 94 -91 -264 -309 -198 320 44]
[-113 63 -254 137 -297 74 -226 24 -50 -99 2 12 -143 -62 -8]
[88 207 -83 186 103 62 44 125 17 155 99 68 77 19 69]
[-62 317 -173 -162 193 97 -102 80 4 89 27 43 -6 -194 -172]
[121 230 267 155 97 -245 -161 -133 85 77 122 30 117 -122 -29]
[24 -92 -85 -96 -25 0 -2 -70 -22 125 238 199 227 270 94]
[419 130 -16 274 188 189 -122 -344 -5 -142 -28 59 -352 146 -52]
[-20 124 -103 54 16 453 294 -65 -98 40 3 -194 -155 -135 52]
[114 208 109 -130 115 -67 -83 364 46 63 14 -103 133 129 81]
[-21 -101 -19 66 34 244 39 -96 -126 -380 -81 -24 -9 86 -132]
[-124 145 -137 132 -37 272 257 112 188 -133 156 -5 -215 -268 -68]
[96 -8 -129 -75 79 50 -113 -204 -190 100 -180 -21 -54 -1 138]
[117 -27 4 -105 -65 36 -108 -205 -211 70 156 9 135 -50 42]
[-55 58 27 13 50 -43 23 27 50 24 65 31 103 2 -11]
[191 105 -20 209 -136 -66 53 -174 128 232 -193 54 152 -5 252]
[58 -111 14 63 -71 -57 -153 -339 -274 -25 -109 -135 2 -157 -20]
[-23 -228 -49 128 153 277 111 119 274 -77 196 35 172 200 61]
[-92 50 175 30 -113 -115 -84 -228 -78 -63 -114 -128 -28 116 -83]
[-287 80 5 176 57 -234 -91 127 8 -12 202 -81 295 98 165]
[88 27 -98 -53 58 51 58 4 81 208 181 138 -1 2 -78]
[83 -85 1 50 4 99 -220 74 209 -173 -114 -88 -255 -432 10]
[-85 4 208 -292 -44 11 100 -139 -59 68 59 -6 55 41 -33]
[150 302 288 93 65 -8 6 -107 108 60 -51 -178 -52 108 -2]
[229 12 13 -155 -101 94 236 87 -6 -155 116 38 156 -124 -275]
[20 -161 -300 -114 -116 -170 -41 -18 -154 -193 -114 81 41 -102 46]
[449 -25 -284 143 -225 109 -49 199 400 7 77 32 410 255 49]
[-314 -187 -119 -62 7 -178 22 -163 -194 -36 -167 59 -3 202 50]
[67 53 -3 -15 355 40 183 60 -180 -135 120 127 -85 -37 -10]
[-67 -223 19 -40 -27 178 243 43 -197 -122 56 -9 32 122 7]
[48 6 205 31 -90 33 21 27 -79 244 271 191 82 46 -142]
[-51 -257 -184 -161 -240 -103 -244 -62 -154 85 13 -16 -82 -23 -3]
[-72 -94 36 140 75 346 262 63 -99 115 39 -162 -24 -86 -22]
[-167 -176 -3 -81 142 242 -179 241 262 86 70 298 25 121 6]
[-53 -69 31 93 -51 -65 51 40 9 58 158 78 -1 81 131]
[128 31 -97 60 216 -30 136 -290 -242 -328 -116 7 -51 -179 -117]
[109 -108 66 14 67 56 200 217 120 -43 62 -34 166 -362 -108]
[54 -30 26 229 -159 -275 -179 -260 27 -22 -151 -130 -40 223 -71]
[52 -35 -15 -85 -133 98 144 -12 -135 -153 -19 -38 -92 -194 10]
[-105 -210 48 171 -25 0 335 -43 -115 148 92 173 -54 192 -20]
[8 -75 10 56 123 141 -78 -51 139 -255 -178 -21 -181 34 95]
[-205 161 -56 87 -316 -393 44 80 1 -43 181 16 -22 -60 98]
[-119 -40 -244 -136 -90 -137 -188 212 189 -11 113 -74 42 119 5]
[89 -160 -80 272 -118 155 83 -42 -149 63 209 148 -340 116 -142]
[-22 65 149 39 -169 11 38 -255 -103 102 47 -36 62 -106 -115]
[152 87 -68 199 -17 383 -70 132 -83 55 -172 -35 2 -14 22]
[-230 -129 -65 27 -132 -268 -210 -231 -169 -230 -320 -190 94 -36 8]
[-62 -83 -41 -12 -184 -174 -47 11 85 -108 -152 -10 4 153 99]
[-169 -31 -61 -174 6 -58 -163 -212 -344 -152 -71 -144 -8 50 -86]
[104 -159 -26 -265 -240 -404 -250 0 87 -62 -172 5 -175 26 10]
[-151 -219 -108 -155 -193 121 7 6 161 141 97 72 -33 -19 90]
[188 154 189 124 51 -272 81 -213 171 -77 315 0 216 107 47]
[-290 24 183 -173 64 -154 -73 266 -178 -38 -92 40 -38 323 49]
[-98 -202 -37 -177 41 -161 -87 -214 -258 -91 -129 133 80 -115 198]
[91 43 -105 47 -156 -5 -272 -201 -275 -108 3 9 181 101 51]
[89 -243 -460 -212 15 -403 -235 -103 170 202 -240 268 -20 11 46]
[-124 2 -66 -9 -6 -217 47 129 67 103 17 -2 25 -30 -96]
[260 -51 -186 -86 -255 53 129 151 125 148 352 267 297 19 154]
[305 2 110 -128 -23 -105 28 -58 -122 -132 66 -226 -36 -94 77]
[-8 -123 -117 -75 74 57 95 -39 184 -237 5 -53 -45 -136 120]
[-8 156 -95 -137 -50 -134 -187 239 144 2 -99 261 145 136 -20]
[245 225 -88 210 -244 -48 -186 86 -71 -153 161 198 215 203 80]
[41 264 -314 11 80 256 -60 91 126 277 -190 -200 -191 188 -14]
[-8 62 152 108 -84 230 111 186 203 -182 235 114 79 19 56]
[159 -91 -95 -88 -15 10 46 -47 -184 9 -46 -139 -20 194 68]
[-203 -57 -96 -327 -187 -136 -65 119 85 296 -100 -103 -56 76 -26]
[-128 -10 -261 -111 -80 4 -82 -19 49 37 -48 58 -73 -15 -41]
[-218 -57 -25 -62 -24 60 -88 -255 -17 -136 -80 73 104 -72 -105]
[41 139 253 134 46 20 79 98 21 110 -26 110 18 27 133]
[8 -40 177 265 438 41 -48 -31 161 196 96 261 254 -48 -3]
[-231 -229 -76 -6 164 142 -33 -177 -193 -261 -67 54 72 86 -55]
[287 -168 107 10 50 279 -74 154 -169 -46 -145 -80 20 -73 166]
[80 139 2 14 41 7 197 84 9 281 168 -114 -16 8 55]
[250 313 79 -195 14 -25 -119 -117 -125 142 129 -34 270 -141 11]
[187 313 -46 -48 -39 -72 75 -135 -63 53 -47 11 28 -33 61]
[44 -218 18 -79 37 102 243 -17 -92 70 -19 -342 -16 154 -70]
[83 30 -35 -107 -71 26 227 217 65 68 199 421 220 217 23]
[-53 47 99 114 106 -5 54 -96 79 29 71 226 -95 107 14]
[-96 -191 -45 -226 53 -152 31 -145 -73 -13 -42 32 -73 119 42]
[-156 -408 -306 20 -231 -147 -201 -134 60 -161 213 -440 117 -283 8]
[-61 -250 -61 -49 -320 -80 -17 14 102 -55 -27 -28 17 72 -133]
[-79 123 248 341 302 36 -252 -27 43 426 -164 41 206 7 28]
[-392 -154 -150 -392 -509 235 -21 36 154 -65 326 127 75 -104 4]
[30 -97 -299 -194 -358 -152 -43 22 -56 -70 10 -133 -36 -145 -106]
[217 -88 -1 42 -26 -165 -269 -183 -49 92 126 60 41 19 -17]
[-149 -141 -50 -157 97 -90 -52 -176 -228 -371 -243 112 92 -9 27]
[73 -36 68 15 -311 -188 67 -174 -67 150 109 85 -162 65 77]
[208 -39 57 -336 -6 -112 188 -206 156 55 -20 -199 -262 -98 29]
[-40 128 -27 56 -40 217 45 118 218 75 12 187 -93 268 -44]
[137 93 189 245 329 97 -99 -51 -163 -192 -38 27 -14 23 5]
[-72 35 206 32 45 54 156 -192 -175 34 230 183 217 -58 22]
[290 72 47 32 -280 -350 -265 -302 -183 -195 -74 -60 -110 58 -85]
[-228 44 156 170 269 12 156 41 -47 -112 53 21 27 432 165]
[-148 151 11 38 4 -139 185 27 -128 -130 -300 6 -118 -138 31]
[-375 78 151 -90 72 53 71 299 -143 -59 23 -74 -132 -43 -77]
[134 211 -21 -174 48 180 -72 382 95 164 37 -6 -55 -53 235]
[11 238 98 -36 291 28 61 51 24 253 36 -81 -57 274 44]
[-26 158 -212 -157 44 -99 -202 23 -94 5 -98 -141 -5 101 38]
[-78 70 -272 -108 202 -92 -352 173 7 -67 34 153 -137 210 -2]
[-96 -69 -126 7 -128 2 -66 -48 110 -143 98 -222 156 -45 64]
[141 88 12 93 -17 201 -94 7 54 215 249 62 154 36 -28]
[32 49 76 141 13 103 142 51 -184 -269 -338 -368 -458 -135 -37]
[338 9 360 -99 95 -103 -106 -162 91 -51 8 -201 119 143 -35]
[59 -21 -37 -28 -4 -47 -137 -134 12 -98 -118 156 9 -29 -22]
[84 5 -5 91 -76 212 111 107 147 -170 -31 -381 140 -54 122]
[44 47 -41 -193 -105 -23 99 195 -7 -137 -134 -173 -215 -53 49]
[-146 11 -196 308 -44 35 13 11 -193 -33 156 -34 167 71 -36]
[77 -60 28 -248 62 -105 147 -148 60 -53 21 -148 -239 -48 -5]
[313 3 231 307 66 -62 -15 152 35 190 -12 232 -83 -28 -15]
[-113 -137 -174 -8 -116 27 202 163 -10 91 -125 -318 52 -11 -155]
[108 -163 162 -165 -147 -180 -93 -191 92 -88 -79 131 164 -93 -60]
[-116 30 -127 -93 38 330 267 118 33 28 192 292 218 241 1]
[214 250 -28 99 155 -40 232 -201 562 -152 398 -301 261 44 -4]
[-69 247 170 169 94 -70 -63 116 -199 -144 -140 -157 131 112 171]
[-17 -97 38 -275 -214 -196 -191 -84 -231 -170 -158 207 -50 68 225]
[-25 157 75 127 -88 -181 -111 39 266 67 92 47 267 272 40]
[110 -57 1 229 88 9 -126 129 -85 81 -180 -64 -176 -136 -88]
[291 35 37 81 -213 -119 -14 -51 231 257 143 -105 41 228 105]
[64 -34 -169 -23 -38 -160 -145 38 38 48 -82 19 124 207 60]
[10 72 50 -89 87 -23 -58 -77 -134 -154 -136 -106 15 26 -47]
[-16 -187 -70 -382 237 -251 -171 -133 -126 -224 50 32 -6 -310 -2]
[99 102 -314 259 369 -7 -114 76 -190 122 -12 -238 -165 -109 -3]
[138 2 26 -40 -71 -99 -151 -68 -81 -38 190 -49 -124 -276 1]
[76 -102 -20 126 -10 56 -63 210 41 -29 -78 149 -186 -94 40]
[-106 135 -10 31 111 116 106 304 292 86 -32 79 50 2 133]
[137 -102 218 109 147 32 81 463 198 327 226 -37 4 -28 -22]
[-102 -164 -19 186 -60 -131 109 9 51 -121 54 -235 -75 -196 179]
[71 72 61 75 61 102 29 44 82 44 85 114 44 12 -58]
[-155 229 125 -14 72 79 61 -46 -25 138 115 233 21 182 -53]
[310 37 68 -4 -6 26 -179 186 13 133 167 -20 48 -251 -224]
[23 -73 -145 132 -112 19 128 -34 68 -65 -163 -343 25 99 -72]
[-119 -109 44 22 -216 -188 -9 -39 -169 -165 -203 -208 -153 -149 17]
[-11 97 -236 -54 -106 -4 -56 -18 -125 -9 -230 68 -131 50 -64]
[-246 151 146 -83 103 215 -87 -163 -110 -55 340 40 -231 -98 -10]
[-44 -221 -129 44 38 14 -241 -25 4 -160 98 -62 144 16 12]
[-110 -15 -72 101 -90 152 -19 70 -209 17 -103 -79 -209 -92 -21]
[19 20 42 5 -94 150 24 111 -269 -147 -237 -113 219 189 -25]
[-140 36 -74 17 -61 227 71 -56 30 64 -80 -230 17 -98 -217]
[-175 -149 -63 -123 -62 0 -276 -98 130 -171 161 66 -80 123 -268]
[-114 -174 -30 -183 -112 -98 -4 -111 6 -80 138 172 84 300 20]
[97 152 117 106 41 128 71 125 105 -82 41 -201 17 111 200]
[49 96 129 -1 -6 -149 47 -24 103 77 120 11 -48 185 -63]
[23 -102 -277 -122 -168 -178 -74 159 317 -96 -162 -2 99 -13 -68]
[-88 -307 -289 -46 -98 -182 40 141 -42 292 114 59 13 30 101]
[-93 286 -113 40 324 -105 50 110 241 274 184 240 -42 -15 7]
[35 28 -204 -297 -272 -13 103 60 289 164 1 -17 -51 225 122]
[11 -81 -51 56 -100 -140 -225 -389 -122 -58 -105 -102 -100 149 -94]
[-43 39 -48 -84 -31 -225 -56 -88 -126 -12 -69 -158 -4 -4 -87]
[-324 -91 -21 73 -114 -25 -191 -88 110 -123 146 193 190 91 25]
[202 123 -109 49 -114 -44 161 -124 27 -2 -303 -191 -129 -158 -25]
[233 137 -166 -191 -94 -86 -18 -98 -65 -182 -278 -178 -249 -295 -204]
[109 186 55 306 126 48 197 -190 -35 -17 78 -84 55 -95 15]
[68 145 -189 57 5 7 -211 30 44 -144 94 28 -165 -123 84]
[244 201 115 229 85 82 125 -96 0 219 -62 61 20 -10 -122]
[-139 272 246 259 180 -53 -53 2 -159 76 181 159 -90 -108 33]
[-4 23 -12 -11 -201 25 9 -216 114 116 -90 97 102 55 -27]
[-49 92 -115 -17 -78 2 180 152 -255 -158 109 61 310 279 112]
[-272 -72 287 -43 -159 -161 208 -253 146 37 -129 -100 90 74 -9]
[-250 104 -61 89 307 53 172 -188 130 -238 -205 -76 -95 157 99]
[-183 292 -241 66 269 -3 -294 261 -413 236 -65 -35 236 46 -4]
[-169 21 342 275 -111 126 62 -46 -153 66 2 230 127 108 1]
[-46 -64 -102 -11 -52 69 -101 45 -48 -359 85 -289 288 217 -12]
[-204 -41 45 290 -25 -4 -12 58 90 91 171 175 17 126 133]
[49 54 254 99 7 46 -9 280 22 99 177 72 281 60 60]
[368 -68 -20 82 218 -138 202 159 -230 87 -120 -67 43 120 22]
[-102 -175 -55 66 -237 113 -16 305 -105 57 83 -58 31 157 73]
[-129 -333 -66 9 -83 -123 167 83 10 -24 -139 10 112 -191 27]
[221 83 23 41 186 -67 95 -40 192 28 13 -127 172 111 87]
[4 -267 -407 273 147 -95 -51 98 181 30 67 -96 -39 31 17]
[-14 -130 -43 13 -82 -95 168 249 -20 -58 -112 56 -23 217 16]
[-72 -228 -85 -118 -19 161 -167 -138 -232 -1 -30 118 13 210 -99]
[-138 -62 77 -36 142 88 113 141 42 83 -2 -290 145 -159 10]
[49 121 245 11 -93 102 279 281 77 -58 19 127 165 71 -3]
[88 234 234 3 -20 75 6 -28 152 -52 5 52 218 -86 8]
[176 108 39 68 163 -29 -9 96 89 165 114 55 39 -23 -82]
[-178 86 -80 31 147 64 -12 -131 362 65 -93 246 -221 71 -6]
[56 -100 39 2 -77 -11 -75 -265 133 83 327 -67 201 -120 -48]
[-217 33 -102 134 -123 -105 5 143 105 1 38 82 66 109 -94]
[202 16 15 -45 158 58 -37 -51 232 217 -40 19 86 73 -96]
[-248 -214 52 -171 -259 101 83 -186 134 -176 -76 -314 34 -219 11]
[-80 82 -126 288 -121 161 130 43 -135 31 204 113 48 344 282]
[-106 -58 -36 -22 -56 -182 -174 -79 -313 29 -71 38 187 55 -20]
[52 -22 9 -186 65 -16 -33 11 -155 75 20 43 147 -83 312]
[19 70 89 84 -109 -22 4 -59 -158 114 -54 -75 38 132 61]
[-273 158 -153 -64 -42 181 -248 -72 87 -57 -207 -49 12 -288 -20]
[33 -80 -41 -131 -217 -150 107 27 15 -42 60 -53 -28 -64 -167]
[137 281 195 -284 105 -23 -226 -23 87 20 198 75 -428 -1 58]
[28 -70 69 -133 -11 -247 -162 -177 -149 -195 18 -26 74 -19 45]
[-112 92 -94 -106 182 33 336 116 186 -56 210 198 -42 -7 156]
[-329 -95 -12 -104 -105 -26 37 32 -74 -274 -109 -4 -19 -53 4]
[-58 -85 4 167 -153 -89 11 -78 -42 -78 131 -297 150 108 218]
[93 -318 -185 72 -381 36 -157 -413 -346 -6 7 -118 -64 -286 19]
[312 178 191 63 19 -88 -127 -123 -45 132 -34 -96 55 49 -8]
[-63 1 139 -97 -47 48 257 -28 135 189 241 136 25 191 -54]
[25 -239 -27 -74 -264 -154 -105 29 -35 -141 104 -25 42 -27 -21]
[-41 138 67 -54 -275 -121 -9 191 149 190 70 9 29 -55 -17]
[-107 -48 -25 232 -5 -70 48 95 175 -135 -128 -299 -42 -160 83]
[-145 93 178 -171 -54 -7 -44 67 99 168 147 18 104 -78 27]
[-461 -256 155 -159 159 123 98 5 264 -120 163 47 121 191 53]
[-2 -201 -212 -5 298 -149 -104 22 119 -64 -3 76 68 -81 140]
[161 92 -9 1 -63 -216 21 314 -110 -507 -22 362 -75 43 -43]
[96 5 270 18 113 64 97 291 -108 355 -263 257 -189 60 -34]
[113 -211 118 96 -105 -41 230 -32 135 86 8 -54 121 -207 27]
[101 -68 -50 -80 73 -2 222 157 1 14 81 -27 -23 -129 -167]
[-12 -96 -200 -92 193 -89 -204 -166 -82 155 307 93 -26 41 -4]
[36 -46 16 -51 109 -67 1 133 56 105 -260 -34 -100 -380 126]
[-2 101 -117 93 164 -168 44 -218 73 -471 209 107 123 -366 -27]
[50 -25 -48 -106 5 -147 80 96 -47 173 34 171 -270 58 -46]
[58 231 392 76 -98 -33 64 -280 76 -128 -8 -270 98 -77 71]
[128 164 9 195 -44 -161 -79 -102 -62 152 3 -76 93 -84 -11]
[-82 77 57 -46 -101 -43 69 -18 170 -27 252 154 277 349 43]
[4 -23 -124 -151 -28 87 87 44 11 -257 47 124 52 -85 -209]
[-180 136 -83 -99 -149 159 -167 77 24 17 196 196 157 37 -32]
[-87 50 -65 78 -180 132 104 4 4 138 -15 212 -52 194 -37]
[229 -307 192 -72 -53 -64 -36 -9 -177 -26 187 -32 53 23 102]
[222 -19 60 174 127 -197 276 118 -49 125 -84 -72 201 36 -23]
[-166 102 -195 -222 -123 -71 45 -128 93 151 146 10 65 42 86]
[17 -194 -59 84 -95 77 113 149 109 241 205 15 251 26 -58]
[-5 123 58 -67 98 -26 30 5 144 174 78 183 203 139 138]
[-157 29 -71 -119 -96 -231 -219 -113 -144 37 12 107 34 142 8]
[41 -80 -51 -47 123 -43 -140 -86 -117 -94 118 148 180 91 149]
[-241 -11 163 -103 54 -275 -171 116 25 -135 86 346 -89 -107 54]
[-161 62 124 -89 75 102 196 -89 -80 -74 105 89 -85 -301 -190]
[24 -295 297 96 -78 -73 189 145 62 135 -205 -134 33 -57 -51]
[148 197 -61 -1 -80 64 -142 154 250 133 52 11 42 75 -77]
[-30 -161 -170 -97 -23 52 -13 -29 93 -73 63 104 -45 -64 33]
[95 -149 198 -69 237 194 215 -63 4 173 -88 16 57 30 106]
[-104 51 222 261 182 25 55 73 8 138 121 159 -110 121 -9]
[-147 51 159 -188 -89 106 -74 -252 -143 -436 -109 5 -29 -198 -39]
[-24 -136 -123 237 7 -33 5 51 86 137 111 -100 112 -176 -232]
[236 -40 313 396 -34 -141 93 183 334 72 85 146 40 464 -36]
[-260 -146 -71 -38 -36 -78 -168 -34 155 163 18 -168 -136 -229 -161]
[90 -33 -7 -111 172 -207 71 -33 16 -10 -146 98 125 -44 14]
[-147 -88 -108 102 -115 -224 -202 -124 101 -72 111 -206 -156 -17 -39]
[65 145 98 -277 77 173 128 -265 282 -29 -48 44 -213 -47 6]
[-39 83 103 379 37 -206 -117 95 4 41 -60 12 43 39 -12]
[-129 -55 32 -74 268 -154 163 199 60 133 105 64 -51 -119 10]
[32 217 -114 60 144 159 136 134 -118 -116 -313 -276 -293 -122 29]
[-305 -31 -149 -274 -427 -39 200 31 -57 268 364 -103 -73 -254 62]
[-42 -171 -182 171 -186 6 -54 -41 -8 -154 -336 11 -59 -106 -88]
[29 132 55 120 -12 11 5 400 98 26 123 34 275 107 -73]
[-72 -80 -16 102 99 194 172 -121 -139 -63 -96 -162 79 129 11]
[21 25 36 75 36 -188 -140 273 86 -69 87 -70 -131 184 -10]
[166 125 -179 -123 -115 -81 -120 -227 -106 22 73 148 58 22 -151]
[186 -29 -192 40 -10 159 77 -38 235 -18 28 -191 211 -43 -314]
[-132 118 -272 -30 -62 -417 -105 -3 -67 25 -108 111 55 -90 -6]
[178 146 -36 -160 289 -221 -161 -41 -19 -13 78 94 -219 -60 -56]
[27 13 156 256 116 262 136 138 -135 -317 -131 13 62 -10 -107]
[35 -60 -27 111 -44 -224 36 -43 -187 123 11 -144 28 8 -56]
[-160 -59 4 -173 -118 -180 -199 98 -121 -207 -36 29 -71 -24 24]
[56 189 324 104 29 84 351 254 177 189 58 -139 -46 -39 5]
[-45 -2 192 34 76 -19 -92 160 27 94 159 145 136 -113 193]
[19 81 108 181 137 36 60 110 32 -43 99 -152 68 77 41]
[-52 -173 -196 40 -68 -12 128 137 90 -49 85 150 -84 173 139]
[-200 -147 33 55 96 -102 -85 -242 -21 -90 139 -17 31 -74 149]
[3 88 -174 245 65 -186 17 61 68 179 178 135 94 62 45]
[-287 90 -177 115 86 -224 -55 -130 -310 -131 -134 58 -187 23 2]
[-121 192 -134 -306 71 108 87 -15 13 -304 -417 -421 -361 -69 47]
[-77 25 103 -116 86 54 -77 -32 17 7 -46 65 100 71 -34]
[-128 -107 395 -169 -92 -191 159 -62 4 -245 231 51 71 216 -4]
[-121 18 97 145 177 259 179 189 -150 -91 -173 -109 -141 -77 93]
[302 28 -22 -27 -51 -48 12 -130 -301 -187 135 -212 -25 -14 18]
[-30 -98 -87 -92 59 164 62 73 117 -68 -147 -71 -185 52 140]
[-83 -161 -45 8 -82 191 165 113 28 -172 -60 186 213 -59 -200]
[270 18 -144 181 231 -15 -130 -17 69 -46 -354 -260 -77 143 -36]
[-239 158 -94 -98 -23 -114 -228 -146 258 175 194 24 -53 -109 -167]
[-150 -24 -10 57 -8 -105 -22 305 -76 -392 -220 -186 35 -269 46]
[170 55 40 130 85 -66 -165 -97 -125 -288 -356 -42 -24 -61 4]
[-47 0 337 34 -7 -197 -165 -176 -160 156 -167 11 -83 -226 -55]
[113 17 96 -72 13 -31 -15 136 69 130 157 28 22 -47 114]
[-109 198 -48 254 -166 133 330 12 -113 -48 -150 -163 -55 18 -14]
[11 -34 190 123 229 -113 -103 -240 4 43 -326 37 87 50 -99]
[-1 -10 -47 138 69 12 -20 -19 130 -134 64 -17 54 -94 45]
[116 -118 -320 118 -107 -30 23 84 48 241 382 194 -19 23 1]
[121 -29 64 152 167 -11 55 10 51 -37 -97 -378 -275 -263 -47]
[-6 93 246 254 63 39 307 262 161 75 49 -67 94 153 70]
[-72 8 -88 -62 -73 -224 -401 -202 -76 71 290 115 113 38 -115]
[-105 -99 -44 -83 -162 267 109 -60 -9 -76 131 115 151 200 -6]
[-58 148 122 210 257 62 -132 55 -70 -11 -79 -6 15 -295 -155]
[171 -43 91 -93 216 36 29 -174 -324 201 -221 -164 -140 52 -89]
[-56 -130 -45 -139 37 -326 -30 -212 -216 -234 -110 -111 37 -172 -2]
[45 10 177 -29 56 -34 92 -152 136 54 113 -44 -60 11 -72]
[-65 74 -42 -69 -3 -94 -196 -4 -123 -28 219 175 -70 314 11]
[106 -143 -141 -145 -10 21 -190 103 -252 99 -158 168 -140 105 42]
[94 -105 46 16 -148 -166 -62 265 216 -178 134 329 346 97 12]
[-249 -229 -60 53 -215 13 -167 205 148 112 111 -71 -254 -433 17]
[244 -155 3 -3 27 171 -32 -35 195 -239 -222 -75 -157 -363 -76]
[37 30 -106 -351 -422 -81 200 -330 -181 170 25 -164 272 -202 -7]
[58 -161 101 -88 19 -44 11 86 269 135 422 247 99 36 1]
[-95 -120 -16 52 71 72 13 -75 -72 -74 -114 -50 0 10 -41]
[21 44 -163 -82 -76 -128 -17 203 246 47 3 -57 24 25 45]
[-295 -51 -114 -310 144 -115 141 77 -196 272 -59 135 -121 194 10]
[-100 -178 -52 113 -4 167 -57 90 103 26 -11 151 -169 10 43]
[133 -81 6 33 -38 121 -91 -81 -153 -25 -58 15 3 -47 139]
[-26 -39 -235 -209 -112 -21 44 74 66 -31 -83 72 -181 -213 -331]
[274 -18 189 66 52 84 0 85 122 -64 363 98 224 211 15]
[-170 -142 -124 108 84 244 146 182 -131 -93 -173 -80 -55 11 27]
[-92 -172 -164 -18 107 177 159 203 346 185 -25 -6 -51 22 -63]
[42 -83 -113 16 -153 -201 -85 -30 -53 -90 72 214 67 128 97]
[-174 -65 54 186 115 165 283 40 37 33 -62 -132 61 177 51]
[106 382 -253 -23 110 16 61 -181 -213 -123 81 -18 -3 -207 -87]
[43 81 -298 -305 -46 -55 81 -134 -119 -194 -256 -35 -233 -224 -86]
[-206 -69 11 65 -11 20 -29 -44 -146 30 -91 102 1 329 86]
[102 19 -54 89 -41 26 85 -80 56 100 -312 -219 171 -41 -102]
[102 -213 -141 -110 12 -89 151 -91 46 109 -145 214 50 34 133]
[-227 -259 -90 -198 206 -144 -138 -105 -17 -35 -5 128 -94 76 -54]
[25 186 -102 46 167 11 147 -53 126 45 60 -23 165 -89 143]
[166 40 6 -52 -40 66 132 33 300 72 -135 -80 -29 103 9]
[207 151 144 197 31 -30 218 -5 368 2 88 -8 284 153 -100]
[122 -76 -78 -163 -55 -69 -90 156 18 -119 7 -47 192 -27 -14]
[-177 -72 352 142 -467 -213 -160 24 -104 -135 -207 -73 67 -115 20]
[-225 -30 33 -248 -290 -104 -66 -241 -301 -53 42 -75 19 -22 5]
[263 182 206 -458 75 -240 -236 41 156 -32 191 -432 284 -103 1]
[86 -97 59 43 -22 -33 -197 -33 -48 21 -74 135 100 -60 -141]
[41 -51 58 -132 -7 -40 -143 -65 13 -118 -9 -3 -156 -5 -121]
[104 -95 219 -36 -77 -186 16 -175 -11 112 -125 188 94 251 -147]
[-144 90 -100 -44 -167 133 -88 140 182 -25 -107 -97 38 187 138]
[-18 58 33 44 239 -57 -28 151 -257 25 110 196 -185 87 2]
[-32 190 -106 -165 132 62 -95 -12 -158 -67 -15 64 69 106 25]
[58 24 3 83 84 67 -77 -93 -57 129 120 11 -89 -128 -65]
[20 122 77 -115 -43 -41 -10 -16 -217 -165 -96 29 234 74 75]
[13 108 -184 -174 -222 -184 34 -18 45 177 236 269 37 -60 84]
[-161 64 -46 -159 -29 -5 -18 176 -27 136 330 62 183 7 46]
[11 -126 37 -27 113 -197 172 -50 306 -38 151 39 152 -27 51]
[67 -25 70 -112 -56 71 -229 -247 -51 11 16 107 241 268 -28]
[186 153 79 168 -38 106 -57 174 -176 45 34 -21 61 -183 -110]
[-114 -100 -166 -174 -97 -229 -168 -102 -30 -94 -60 -77 -128 70 -102]
[117 -118 -7 -319 -371 -96 223 206 -145 -90 -308 -124 109 85 14]
[-84 -56 299 -142 308 153 -248 226 68 -141 109 -95 -81 -40 -117]
[-141 -111 51 138 47 125 -148 -230 -296 17 -165 -180 55 -2 -34]
[47 -15 184 132 89 -74 -117 -209 -50 81 -146 75 51 -342 -28]
[424 397 -76 -56 295 -94 -9 -104 -78 -132 192 -168 -147 -179 97]
[-287 381 -6 -287 -33 229 94 78 -136 -15 256 -41 24 222 -2]
[145 74 130 179 5 -236 -203 4 18 -194 -170 -171 -12 -153 65]
[-19 62 178 -115 8 -159 209 62 138 131 149 12 235 34 131]
[-43 -78 -87 161 41 -58 -113 87 -61 -43 12 17 85 -45 -33]
[-32 -128 -106 -10 -168 45 -80 11 -20 -58 -126 138 35 67 25]
[64 1 -39 -134 33 -16 83 1 48 -29 -87 36 96 -189 -24]
[-12 -123 -225 -132 189 -17 -146 -35 97 141 -117 -41 -47 -88 100]
[-91 -67 -190 -60 97 160 72 76 23 10 -66 -265 -65 -112 -40]
[-118 30 -2 55 -16 -52 44 23 186 18 113 -95 -82 -187 23]
[-83 -83 8 154 2 -85 114 145 173 194 148 -36 -35 116 136]
[-134 78 167 126 139 -36 -3 214 31 262 -94 21 -67 -51 315]
[-90 -203 -186 117 -141 119 3 44 -62 191 -52 125 127 36 -169]
[-504 69 -185 -153 -32 -105 2 -123 59 27 32 -91 -73 -39 -37]
[103 262 114 -132 -53 -204 -29 -67 82 -6 109 173 96 131 146]
[-459 41 422 -83 29 368 249 64 -219 34 155 203 -156 -369 6]
[27 167 -68 -176 87 92 -339 -275 -246 -112 -157 -122 -207 29]
[73 193 205 230 -7 227 7 81 63 -80 123 115 222 40 67]
[-54 -41 188 -96 93 -222 -1 -96 33 -101 53 -150 50 -73 -41]
[211 175 208 128 -76 -156 -29 -139 -257 -112 135 251 2 -265 -47]
[-111 82 213 -46 -38 -134 -292 38 -23 -193 50 441 104 -407 -24]
[-154 169 -73 22 44 82 37 -122 121 112 179 378 -3 -37 15]
[-5 235 24 -150 57 1 -143 -187 329 34 -91 -218 306 -54 -308]
[40 78 -51 -57 -96 -57 -233 12 139 131 218 44 -18 -133 6]
[-49 95 -16 136 130 132 205 164 188 179 97 29 164 -198 82]
[-250 3 -132 133 -112 145 -194 -84 -23 -228 -191 -176 -52 -163 -46]
[6 42 135 -1 -29 -201 -12 -155 35 -64 62 -24 62 -31 128]
[-168 -237 -302 -335 -217 -2 15 70 90 103 -6 -78 -88 91 59]
[187 -131 117 -336 176 -64 103 -47 -314 -69 51 194 41 48 -30]
[170 67 -5 20 -44 243 49 92 113 -105 -127 -64 -36 293 -46]
[132 -140 -340 51 -158 -125 -77 -102 35 -31 -206 68 -211 56 138]
[-131 105 98 169 161 106 -124 -381 -130 -223 -99 -149 307 337 10]
[280 64 -62 -24 82 309 -70 72 1 -133 -333 -149 -177 -201 -12]
[109 162 121 325 341 16 -6 -140 -287 191 42 -67 149 158 -54]
[-203 9 -5 117 -91 -96 -194 -108 -135 114 -104 17 -50 104 -7]
[185 37 178 -118 42 -58 78 -47 63 -158 -34 -36 282 -42 -35]
[41 -23 5 -102 -80 -137 -62 130 68 -46 -16 219 194 -15 48]
[-25 158 105 -122 -113 -91 6 50 206 21 -182 -40 126 185 -17]
[141 39 -202 -139 40 22 186 -85 -37 -22 135 68 108 202 -63]
[-93 265 71 238 81 85 -76 57 -9 194 -223 54 -99 96 -48]
[-33 127 227 -57 240 277 87 -38 15 -50 -43 -200 96 -133 88]
[-132 0 -16 119 112 117 2 -37 134 222 136 0 -96 -58 -5]
[-96 33 -295 123 348 111 7 39 -78 14 -40 4 -284 -116 117]
[2 -198 240 -24 -215 -11 -195 -14 163 -93 47 -43 230 -71 19]
[55 68 54 -213 64 18 -22 -39 -150 -172 12 -79 -199 16 -73]
[160 -65 -187 211 9 60 -64 -91 -186 -189 253 46 98 -100 -91]
[8 61 144 -127 -288 115 -50 -299 220 67 -46 -233 -113 -240 7]
[39 240 21 180 126 -8 180 34 152 -36 125 81 88 -41 92]
[-91 -76 -40 244 52 -245 230 66 -171 -108 -19 279 -46 262 56]
[-5 -36 78 21 -9 255 295 19 -251 12 40 41 -7 -82 1]
[-69 -146 20 -187 -166 -265 167 -289 -229 142 -304 125 136 33 -45]
[196 157 111 -144 102 -126 -87 -30 82 2 15 83 250 41 79]
[403 68 -33 -84 161 -16 113 -45 -82 123 -69 -117 -100 7 34]
[170 105 231 64 20 86 -178 -246 -8 84 224 202 126 -154 26]
[-97 -139 -40 178 333 112 4 119 -181 -27 157 52 -73 402 -20]
[92 -121 74 -22 -92 -89 -16 76 -292 -119 -257 79 -221 39 -6]
[326 -267 -58 196 -99 163 -135 -96 37 -12 -156 267 61 318 201]
[-430 267 -215 -367 -80 -113 -54 39 240 80 296 -95 235 -63 2]
[-42 10 -31 -306 -212 193 123 46 238 99 14 114 -151 -101 -177]
[91 52 7 -26 -37 -315 -179 165 -132 -160 -221 -391 -2 171 9]
[-18 119 -237 97 -37 -86 1 166 44 370 -6 -38 -171 414 45]
[-236 14 96 -81 81 -206 -55 217 -69 159 46 63 112 255 -197]
[-140 -177 -7 76 -166 -210 -101 -136 -244 -270 -134 -134 -334 -111 -59]
[151 -123 191 0 353 -28 175 40 -67 -117 23 109 -128 -77 -291]
[-37 67 4 -100 -74 -159 114 181 77 -41 17 -138 45 146 273]
[116 -44 -47 186 49 -51 -100 32 21 -132 -134 -198 -156 -28 -36]
[40 75 -34 156 276 89 -88 -90 75 236 35 3 -39 129 87]
[-28 71 34 240 -80 -133 -133 -254 28 -140 -44 -209 3 -262 -6]
[-220 -282 102 117 -6 -67 204 -149 189 -7 -42 236 -16 3 55]
[140 110 115 143 -199 45 212 -142 111 -103 114 -29 102 103 -45]
[-60 336 114 -26 13 -122 104 -140 111 238 -136 62 -446 173 10]
[88 85 -31 108 112 107 189 160 73 84 81 48 190 103 10]
[96 309 376 -23 128 -221 -91 -58 -111 31 -291 186 41 112 -21]
[39 -311 -37 346 296 -230 155 43 10 -174 -398 -205 -317 -122 -8]
[41 -74 14 -228 104 106 -195 80 -42 38 -60 -334 -32 -8 -35]
[47 101 -138 -142 -118 -65 -242 -259 -131 109 269 284 -15 230 -21]
[-42 66 -13 122 40 -117 28 -9 -185 265 -220 125 -63 80 79]
[-64 -45 79 -54 -97 -41 -19 -115 -146 -2 60 77 -48 144 192]
[18 -58 -10 -114 12 -58 52 -150 129 275 451 170 102 -7 16]
[364 -188 113 14 -291 97 148 -47 52 101 25 -53 -398 -178 3]
[-117 19 -17 -54 63 288 181 60 11 135 -224 -101 73 93 -35]
[193 173 -67 95 277 26 72 243 92 -63 -31 -42 101 37 192]
[61 105 -73 163 108 90 151 -193 216 -69 85 -185 -32 -194 -8]
[-140 20 192 77 37 90 233 -39 -23 -17 276 119 155 155 104]
[-216 -16 -246 285 -46 466 74 -69 55 -153 42 46 206 -238 135]
[230 -73 -96 93 169 -10 59 54 122 64 13 -162 -207 -52 -66]
[-176 41 46 -1 202 -251 167 -113 -192 -99 -160 -71 -220 94 -149]
[-11 -155 -64 -76 65 -205 -229 -40 250 270 169 53 -160 212 112]
[158 186 186 -159 -284 -177 78 475 55 -44 7 93 189 -209 11]
[144 170 65 -41 147 180 202 59 157 196 76 26 -7 -83 -55]
[-149 11 -189 -33 -104 -256 -102 -78 -193 -57 -212 67 60 -196 250]
[33 -321 70 -112 -142 185 3 152 -3 23 -273 28 -494 -250 -52]
[108 78 72 -135 -15 -34 -263 -442 -45 304 53 -22 178 201 -2]
[305 2 0 -180 126 -100 -68 -109 -51 -209 -249 -32 51 1 -27]
[137 206 73 -2 50 227 -10 140 200 101 109 -76 92 268 112]
[-184 -146 -193 -89 -9 -169 -93 -20 91 79 136 -76 -43 -141 62]
[162 -68 -53 -40 -45 -293 -139 134 -71 -51 -79 -216 -250 -315 -122]
[-2 62 -198 -99 159 -77 -189 -54 6 -139 -14 58 -72 163 59]
[-116 80 -142 26 9 152 -348 -68 -243 -84 -115 -8 202 49 -83]
[-127 -119 -53 -212 58 -38 -36 157 -15 41 100 67 -214 -102 78]
[131 77 -70 75 129 -17 75 -162 126 -1 -18 101 -40 -122 -84]
[-82 -5 181 203 -102 -11 147 51 52 17 31 80 -116 -116 111]
[-195 -180 -150 -44 -215 -44 -47 -185 -70 31 -21 25 40 85 5]
[-156 -97 13 -145 147 147 -210 -266 17 45 -16 -343 -29 -121 1]
[147 64 -184 148 -94 -138 45 -233 -168 123 -142 -207 -42 -297 -289]
[-126 72 113 -128 -18 27 83 42 45 240 150 -21 162 -73 -170]
[195 64 -380 -222 -219 -123 -20 237 -223 -239 -104 36 28 -99 31]
[-187 -41 -201 66 -277 17 -142 -30 56 -127 -66 -73 -187 46 -14]
[207 38 135 -73 99 240 198 109 -7 -81 -61 -16 -152 88 101]
[99 29 54 -168 -136 -49 -126 -56 84 -107 -42 -203 8 -103 -31]
[44 -191 -53 70 430 179 159 197 65 -81 21 82 -91 -385 -2]
[32 0 214 -25 -244 -314 -223 -46 61 -128 -157 -191 69 73 3]
[-200 21 -51 34 38 47 98 72 193 35 116 106 126 27 98]
[-192 68 -31 -77 -201 -211 -119 -51 -178 132 21 74 24 198 -77]
[21 255 150 -160 -18 -146 -195 -369 -263 -30 -211 -59 -169 92 -55]
[9 -11 -26 -127 -142 -74 66 91 85 103 -14 -140 -76 98 8]
[-192 -292 -119 -76 -271 -152 -152 -157 -293 -6 -109 -62 123 -58 -95]
[-409 46 255 -4 161 -14 70 -337 91 -367 128 35 64 -237 -8]
[39 235 131 -174 -62 -99 -53 -85 12 -153 178 -77 -53 -100 20]
[-83 61 5 -83 -76 -62 -247 -34 -1 -297 -53 67 -88 -41 27]
[-290 -147 -419 110 -58 -9 -65 172 208 42 -26 117 -271 49 46]
[-179 -89 -10 128 24 110 52 60 2 -26 -26 83 33 146 2]
[27 211 0 -38 -15 -339 -180 -284 -83 -13 -97 280 -36 228]
[122 -15 129 190 9 210 185 128 59 -129 71 -253 -70 -97 -198]
[-94 39 -155 -214 130 5 65 196 22 327 148 75 -103 359 -10]
[-108 63 127 114 310 138 338 295 161 -68 -349 -211 -209 -179 15]
[79 -234 -29 -219 118 -56 -213 -216 -118 -22 -137 -305 134 73 20]
[-272 -289 -165 0 211 -68 -138 6 3 270 287 238 62 33 37]
[-80 63 55 -14 -41 -39 100 -60 -86 34 -99 65 -97 29 -60]
[51 -41 35 -263 -29 -51 83 272 53 -34 161 -14 -39 188 -16]
[-106 129 -163 79 48 -39 162 -74 24 -28 102 -85 176 -153 -87]
[162 252 -73 223 106 219 -53 207 -89 -265 -89 45 31 218 16]
[-31 -136 6 44 196 81 -51 16 -12 154 -38 -107 -25 133 57]
[-5 49 -52 9 -137 146 95 -20 -229 -56 223 189 21 110 38]
[154 364 -16 -58 26 -95 -32 95 -60 131 -45 -51 -168 -21 111]
[-140 -27 -47 -10 4 43 -109 231 104 -84 -147 74 -146 -11 23]
[-187 311 247 -59 -61 28 80 -37 21 -90 -178 283 -19 -212 1]
[46 271 -90 -171 111 265 -151 8 254 79 -131 44 33 -144 -256]
[-55 -233 -313 -390 -360 -353 -272 45 51 83 77 -83 -9 -25]
[-5 161 -45 0 2 57 18 -67 324 -61 55 64 -21 143 81]
[221 -26 209 24 181 29 -111 -49 -154 81 -120 62 -39 -91 114]
[-68 9 -30 -96 273 239 613 102 -5 389 149 8 -206 -114 1]
[184 259 -160 38 94 117 -148 -262 -190 23 -103 -204 -61 -307 70]
[-130 -203 -6 13 -165 -74 -177 -209 -40 -102 -228 -110 330 193 19]
[104 -93 -225 -170 -25 140 210 -44 10 1 31 41 49 -57 -108]
[-8 123 142 -6 -50 -266 130 -117 -79 175 90 309 -123 -246 106]
[-1 12 -46 -44 50 61 102 24 97 33 -34 26 33 -9 87]
[-24 -24 28 31 185 231 99 -84 118 249 52 121 -8 -3 -15]
[179 324 251 152 -67 255 139 -151 -326 -101 -120 86 100 75 52]
[15 338 -86 -77 2 -123 -259 -103 109 -86 92 -53 -1 -317 36]
[188 -47 287 231 208 163 297 59 -13 -125 -370 -284 -250 -240 -13]
[-3 -195 -20 -13 4 -186 -122 -43 -352 -217 50 129 210 -171 152]
[-9 134 280 84 89 -143 -132 298 109 33 -78 79 204 275 40]
[-7 -30 -286 -428 -299 -178 -116 131 46 103 221 140 -9 76 8]
[30 82 194 -234 -291 -202 83 -94 55 -18 129 48 127 131 -83]
[-67 123 -7 -220 -77 32 -208 221 -61 125 -93 -16 -136 86 -59]
[145 245 -89 -65 122 144 189 249 18 -95 -107 -47 -8 -99 -30]
[129 10 68 229 127 -56 326 39 23 -275 186 -202 206 49 -286]
[77 -213 3 256 -198 15 -160 34 -88 17 -93 -220 261 293 -26]
[18 -130 -10 208 197 -39 -14 7 135 -28 -29 75 134 -29 -125]
[-91 20 0 -41 -113 222 -18 98 -66 175 -107 -335 -77 -39 -92]
[-170 44 50 -281 -156 -79 -357 -123 180 292 273 39 -170 -27 -31]
[197 -293 -129 -182 -17 185 158 -347 -2 -401 -162 103 -272 219 -30]
[-74 -306 145 123 56 77 -73 70 -127 -148 -69 196 -253 -70 2]
[-185 212 77 192 -69 63 -229 222 -105 246 -190 346 179 -64 -90]
[201 -27 -1 -64 -18 -93 210 -21 8 -175 -39 -283 -54 -168 40]
[214 -122 291 -2 314 52 152 -62 -25 -22 125 -117 54 -14 248]
[-3 10 255 -230 99 67 -122 -51 78 489 108 -18 -15 -277 79]
[4 341 -33 124 236 122 223 -190 286 -17 425 429 -117 423 9]
[169 -59 5 210 -70 77 43 -113 -91 91 153 55 175 -28 -177]
[-204 -90 24 47 -274 -342 -60 32 14 -138 -57 -108 -62 81 -225]
[143 120 -78 32 20 67 11 -156 164 115 -49 92 116 196 20]
[200 71 -49 -94 -19 -9 24 35 298 26 -105 42 369 266 -40]
[-82 -120 129 30 71 252 274 -142 -37 192 -47 -19 287 -119 -121]
[99 315 187 166 98 120 35 -10 -115 111 95 123 2 2 155]
[60 -14 -20 93 -82 -196 -24 -158 -64 -14 36 -49 57 -41 -97]
[-114 -48 209 177 305 23 28 -158 -11 -71 -81 -204 -2 -6 -47]
[30 60 -19 -25 260 222 -233 -20 236 -37 -197 140 64 -44 102]
[29 125 -48 83 32 -64 -84 -25 -109 -100 80 -29 345 113 65]
[-203 -35 2 18 78 -168 -10 14 -175 71 65 91 77 155 60]
[-350 54 -124 -459 266 106 230 -201 268 -95 -313 -15 108 54 1]
[-58 -135 -164 146 34 -165 -174 -98 93 25 18 -131 -140 86 1]
[-214 -162 -49 -109 -224 -242 95 -113 213 224 -79 204 -81 -51 -2]
[-13 -119 42 94 42 -9 -115 77 -95 -94 33 70 -6 -108 58]
[-22 126 278 43 -113 222 -22 30 -58 78 -21 -200 106 -127 75]
[18 20 -1 -106 376 195 45 83 -335 -93 -146 13 -158 139 12]
[37 -117 24 -69 -45 -445 -231 -208 -19 99 43 -27 -127 94 145]
[-152 102 120 71 11 -249 -277 -61 -52 260 -97 129 -84 13 -139]
[-108 120 -113 -111 -161 306 23 43 -81 -89 79 145 -165 -55 42]
[-39 60 283 115 164 180 98 -6 50 -202 -283 -135 116 -232 15]
[-28 224 15 -47 -97 118 -15 -93 -217 168 -217 68 -4 66 -60]
[-117 -175 -292 -303 -393 -216 -174 -102 -101 -174 117 64 -166 66 19]
[-136 -54 -234 -53 -260 35 -61 -112 -307 -368 -459 -180 -235 -49 -10]
[73 -47 80 37 180 -43 -32 -109 -64 -154 11 -51 -9 -1 30]
[-158 -192 70 -187 15 -111 80 53 156 36 58 -161 -139 -282 -50]
[120 55 181 -117 57 -286 -124 -139 -67 145 -156 239 3 65 15]
[61 -116 108 102 -75 186 271 -74 257 76 60 104 -98 202 -82]
[294 9 371 88 103 -17 251 127 -30 223 37 -38 -235 -12 -49]
[-190 -50 267 156 140 97 155 218 -23 268 -39 172 -11 194 4]
[-121 -174 -165 184 6 -28 -72 84 116 -33 196 95 -220 -159 61]
[-71 -42 47 72 -138 225 193 -53 -102 206 197 -53 312 -66 -50]
[54 194 0 -81 141 197 127 291 57 61 -109 40 184 -155 79]
[40 193 262 -93 -99 215 -16 371 294 77 250 167 35 147 26]
[-129 277 281 -137 124 196 357 47 -122 -185 233 -76 -221 -160 12]
[187 10 224 142 58 110 -108 173 -173 136 -100 9 -165 77 -60]
[0 -167 -36 -25 -66 -223 -38 -48 -42 93 167 63 132 140 24]
[265 81 40 91 -5 73 -8 185 -28 -102 73 421 -26 -145 31]
[17 67 -27 27 -2 -151 -49 -65 -51 6 -165 -161 -83 26 112]
[-45 -119 117 87 245 206 277 141 197 58 -232 -26 -21 134 -28]
[-43 -46 -59 -111 -104 -260 -37 -148 -103 -108 12 104 186 251 70]
[164 73 128 121 56 142 71 159 253 109 176 153 -5 130 -28]
[-61 -75 44 25 -11 -32 -17 -208 -67 -139 -68 225 110 52 215]
[-96 7 -50 19 -225 -241 64 108 159 137 -68 215 92 77 -39]
[-126 -18 -117 -211 -64 -196 24 -134 -80 176 2 49 -178 -110 -66]
[-107 284 -91 137 146 -133 67 -85 207 -124 -6 -27 -202 75 31]
[-14 1 18 -193 -156 -197 50 204 133 78 334 98 48 170 151]
[108 46 75 168 118 -3 -10 -29 11 5 -30 105 21 28 14]
[-130 -68 -189 -128 15 45 69 204 -35 6 65 41 96 -58 -28]
[-253 -126 15 -168 -383 -465 -119 -70 -149 186 -118 -9 74 -20 21]
[-202 -176 -65 -25 -105 174 -103 -299 -94 -134 -2 -81 -8 72 1]
[78 -49 12 -37 -28 310 58 -15 -21 25 95 228 56 36 90]
[-77 -121 -163 112 -32 118 -95 -182 -124 -209 -120 43 -58 48 1]
[1 64 129 -149 -41 -146 135 3 31 -105 111 -9 146 -42 -30]
[12 100 -34 75 52 111 3 -85 -6 91 233 -21 9 178 79]
[131 197 37 111 -137 84 157 107 43 115 -29 251 172 233 22]
[68 32 148 185 145 -81 122 -74 -127 -17 -34 126 -142 199 -31]
[73 218 -107 121 142 -221 -51 -57 -27 -333 -196 -78 2 39 7]
[-93 195 170 259 96 70 27 -179 149 52 110 304 97 191 -12]
[-7 -206 18 22 228 281 9 239 62 0 -129 -98 64 27 -39]
[-58 -104 -226 94 -31 -33 128 -142 -1 -57 25 -56 206 120 25]
[-322 266 50 -160 13 161 -89 185 -206 50 28 21 271 285 -11]
[127 -103 -192 -1 -42 -201 94 248 341 81 -67 -75 205 183 34]
[-91 28 76 28 -57 12 131 -35 208 -211 61 146 -139 264 15]
[-151 -49 -186 -60 78 -334 144 40 150 163 263 253 116 192 58]
[-135 -230 -13 106 -160 -15 7 275 270 -127 117 56 -60 8 90]
[45 47 8 -34 -9 71 -142 -16 28 130 -77 123 163 374 -101]
[78 -102 54 112 220 38 207 -93 285 24 139 -170 40 -114 -100]
[252 73 173 -80 -185 219 -194 12 -62 -105 -397 79 -55 -13 -315]
[618 88 131 111 -74 -123 -89 -125 -260 -19 -137 -190 292 -323 -101]
[36 -13 256 -203 56 181 -268 216 -156 176 -194 67 17 75 -14]
[168 75 -51 -148 -142 -172 -132 -75 -48 -57 -24 76 -66 -16 -217]
[97 -71 183 141 53 42 -27 69 -171 -313 -51 -11 -97 -37 32]
[32 -314 34 64 96 -157 19 226 -191 269 163 140 438 -24 -19]
[-35 145 185 -285 75 77 275 -3 -176 -130 32 52 81 109 -117]
[185 -130 -75 34 -164 60 -111 -363 33 66 -104 55 66 14 53]
[35 17 -61 103 -188 209 -56 16 91 -146 146 -194 377 74 -53]
[167 -95 -87 -116 7 6 -176 -42 29 -293 -68 180 -170 -91 17]
[-104 54 222 23 22 -134 127 -53 -69 103 75 -148 48 237 -148]
[-2 -28 4 40 -114 -28 -81 70 -109 165 183 176 159 -26 -40]
[-11 -107 -35 -127 81 -82 20 22 -147 -202 -339 -34 173 235 -11]
[14 27 158 -36 22 126 -200 -82 -267 -140 -289 -27 -277 -45 -82]
[254 394 233 -142 -264 -102 -154 108 213 342 432 -33 172 -139 -13]
[79 -92 25 126 11 211 65 172 65 203 174 51 -29 105 -43]
[-99 244 -23 253 45 9 -151 -110 -231 133 -141 60 -302 -117 1]
[-79 -382 94 64 104 314 379 58 43 22 -47 400 15 224 55]
[-15 -84 -195 -121 0 -118 -119 113 186 307 208 184 60 199 -29]
[239 -96 43 95 -93 92 4 -123 34 -107 -31 -7 -51 -238 -65]
[51 102 -190 -203 -83 -10 -117 -12 -25 185 226 207 267 58 62]
[-95 -44 -87 120 -19 249 226 165 34 218 -198 21 10 -40 7]
[-171 -18 -213 78 -234 152 144 228 315 -21 -5 22 70 -105 84]
[-267 -97 -117 -389 -59 -114 63 -87 -196 70 -97 21 338 209 35]
[118 62 171 -36 -233 -1 -86 -59 -15 -29 98 90 19 -296 210]
[-262 80 30 -24 122 -188 -105 -45 52 -206 -164 63 -4 -288 219]
[129 -109 85 186 -92 -297 54 -180 -216 149 140 -142 -169 140 -93]
[39 28 -226 -237 -62 99 37 120 78 28 -52 -25 -157 -132 22]
[-16 303 -145 -83 264 -289 169 -34 -310 19 -169 -291 -60 162 -23]
[-8 -27 92 -84 17 174 -231 178 189 368 -149 103 61 -162 -71]
[-170 -157 -58 -38 -121 -132 -169 -84 16 -179 -113 82 109 -19 -100]
[-76 47 45 -109 -30 3 56 189 -69 -16 68 153 146 -110 -107]
[-56 -87 66 -64 -163 72 -43 -112 -14 99 -78 -68 38 4 -82]
[-22 91 -85 97 -89 51 -188 -291 -194 -323 33 -48 -70 -67 8]
[-69 274 -171 248 -260 55 49 47 81 -172 140 -120 -39 -22 -17]
[-351 -305 -190 28 156 184 62 224 -48 146 39 306 26 -191 -16]
[185 114 173 158 153 89 91 123 206 23 -7 -9 20 9 34]
[398 92 3 86 180 -19 -119 203 -366 38 -168 113 59 -176 52]
[-183 36 -18 -44 -59 37 51 72 -155 21 -156 14 -74 -89 97]
[150 474 75 -206 -65 -6 -180 87 141 -95 -176 401 88 113 133]
[11 80 -121 -179 112 -76 -116 153 69 -163 -222 -68 123 267 87]
[-249 183 46 7 -25 -139 92 194 36 -35 28 281 454 -154 -91]
[-60 -150 -274 -366 -290 5 13 -42 98 -11 -58 71 -3 -207 -106]
[-215 32 325 193 -139 69 90 215 244 236 183 52 -131 -51 1]
[144 -34 -38 236 -13 -285 -106 -15 -21 -39 -273 -113 -107 190 9]
[72 -148 22 70 -49 -213 -84 164 -77 -125 -105 123 28 -53 142]
[100 149 127 -14 97 84 129 132 136 254 -175 188 -72 -179 -90]
[4 -16 -10 257 249 103 155 176 263 354 84 -188 60 135 -20]
[146 138 -136 -18 -22 -181 213 138 67 -341 -16 -36 30 282 345]
[-18 -140 -28 -43 -101 -47 -52 -211 -33 -126 -83 21 -126 59 -64]
[-61 -31 -166 -15 49 -9 -119 82 -48 19 -74 -28 191 -41 -13]
[-298 -13 71 250 -53 -2 -214 -48 -112 -87 84 143 67 -3 -16]
[-150 106 129 254 200 43 -15 4 67 -95 -96 -172 -77 42 126]
[64 -144 26 297 367 143 -234 19 -212 44 -183 194 -167 357 -34]
[101 54 -200 -219 47 158 -109 -45 -4 -26 -385 -118 197 -55 -47]
[1 38 308 91 142 110 6 41 9 147 -8 -201 76 128 -38]
[-224 69 111 210 217 213 -272 -27 -261 144 184 85 469 248 63]
[-64 -181 -223 142 168 -55 82 122 138 81 -160 -188 -44 17 -70]
[-238 -85 -227 42 216 49 153 66 -24 -79 -45 -170 139 234 58]
[13 97 243 249 179 235 59 -13 -80 3 -9 -16 -140 -51 14]
[-43 170 56 -100 -80 12 70 -46 -119 95 125 53 114 -11 164]
[-38 -75 -71 -229 -183 -74 -74 63 -302 -323 246 -146 -35 55 195]
[23 -21 -179 83 -154 81 -115 -70 -176 -207 -174 36 -80 68 -132]
[223 -9 -162 196 -92 -108 83 274 37 102 -21 -112 -57 49 -3]
[433 -19 5 84 -293 -144 173 -137 244 185 65 -130 68 234 -106]
[-84 28 143 1 -50 -173 -132 -120 -278 -328 -170 -23 131 60 -9]
[143 48 -127 -273 125 84 -165 -8 57 116 259 14 77 93 -5]
[-30 6 -33 79 -227 -195 -35 -98 -259 -162 -37 -64 204 181 -103]
[-83 231 -42 -211 -57 -96 -20 88 -133 71 -12 -213 -125 -179 -194]
[181 110 221 233 79 55 62 147 -22 -50 -60 45 95 99 -62]
[-109 191 114 42 -141 -112 27 -4 39 -220 64 -115 59 -121 5]
[77 35 132 220 150 91 -171 -165 -284 -154 80 57 167 120 -3]
[113 -119 -9 108 261 118 106 47 25 379 -76 192 194 -6 50]
[-119 160 55 -2 -53 -152 -13 63 186 -7 -33 -20 -29 0 37]
[-76 -123 -286 18 -195 -191 -292 -114 -224 28 -36 92 -5 31 10]
[107 -123 80 -26 -34 -74 -234 82 -70 -309 94 -66 27 113 112]
[20 -38 65 -22 -85 -111 -119 -148 -264 -184 -14 -28 -122 -41 135]
[28 20 81 86 38 -140 -53 -17 -154 74 97 -184 -103 -61 -108]
[26 -5 87 -104 -212 -38 187 -106 -156 134 86 143 -228 -130 5]
[-23 121 -171 43 -108 40 -170 72 -310 138 -143 35 -2 5 -55]
[-29 183 -137 -191 -157 -124 -45 -149 -138 184 -24 80 242 196 256]
[142 -133 39 43 160 200 -37 192 24 107 0 235 83 -98]
[-204 268 -45 -139 107 66 95 265 91 73 -59 -125 -25 315 28]
[-330 -220 266 219 -367 -86 33 -73 -78 12 18 29 223 -61 -20]
[-156 -191 -103 -91 196 15 -42 -24 -89 -372 -127 -113 91 -5 -6]
[363 112 -84 -120 -337 -71 -272 -130 116 37 169 269 -85 -58 104]
[276 191 16 -23 -100 -44 -209 69 22 -312 -63 -223 -173 -13 -35]
[206 3 138 158 88 18 271 220 -67 -43 159 -41 94 -178 -158]
[73 7 359 197 117 11 -7 9 -87 287 42 11 -166 -100 140]
[179 170 135 101 24 -104 -13 -141 67 -250 -49 -162 -61 -52 -309]
[-114 -285 -175 -140 -217 -232 -108 -89 -246 -166 -53 -43 -39 -38 -79]
[191 -108 57 101 -46 86 -19 172 203 187 94 124 -34 7 208]
[-110 22 -118 66 -130 35 -79 36 -180 -127 -101 -118 -143 29 25]
[-176 -72 -161 -170 32 66 -20 -55 -107 112 -166 -269 -107 -89 -231]
[204 69 195 -35 69 -159 102 44 -28 12 67 -76 -46 132 -144]
[-137 177 180 16 -312 30 -118 214 -46 60 -19 -98 85 24 -52]
[-170 -143 172 47 -53 -317 -220 -147 -166 -75 -13 -278 -192 -129 -2]
[-56 -23 -164 63 110 -400 183 135 -32 123 -86 -36 279 50 -26]
[-288 -159 -296 -38 -155 -78 269 161 94 172 -67 135 21 13 27]
[62 220 153 27 154 115 22 151 267 14 141 156 92 73 44]
[-89 -49 85 -176 -140 -163 40 -47 -49 -2 -192 -44 296 7 95]
[45 -22 -350 -144 -219 -128 -33 37 5 256 1 40 -150 200 -62]
[-305 -261 -121 45 203 -358 -249 245 150 85 95 209 -20 -48 -9]
[-135 56 263 306 382 213 157 -125 -34 27 -119 -8 51 261 -24]
[24 -54 40 113 -3 -137 -91 -37 198 194 150 32 -20 -243 -214]
[-51 -62 113 188 114 -32 62 -79 -227 -21 -248 -270 1 -215 203]
[33 26 298 379 57 9 -70 -225 164 158 -50 -323 -163 -231 -22]
[-23 -111 186 88 36 91 74 211 203 15 -61 105 -43 130 -93]
[-330 60 8 145 199 99 203 154 13 24 -77 -359 -80 -293 65]
[-95 120 -159 -141 -182 -195 -23 -112 31 -63 84 19 22 -23 -41]
[-76 -30 -81 119 -136 -96 -340 123 -187 -3 103 -82 52 115 1]
[-319 117 37 6 -345 231 159 -60 179 -162 -59 -310 159 -152 61]
[-92 98 219 -73 243 -377 -12 -287 141 -134 -103 -180 96 74 -10]
[-92 440 83 18 246 265 -136 19 -74 -345 281 59 -325 -130 -32]
[102 40 -145 74 -42 -223 -227 -193 -74 -98 68 -262 -62 -40 -98]
[-41 -44 -131 -190 2 55 118 216 102 -29 -83 -90 -72 -149 -111]
[218 -167 -13 174 34 -67 -33 91 11 -44 -83 -68 148 -205 200]
[100 34 -51 225 11 290 -17 197 -52 35 -55 -30 215 178 34]
[56 -160 11 -169 -29 -283 19 -143 -224 -60 14 87 98 -43 9]
[-110 274 -267 -35 100 -133 1 -119 -79 -60 72 211 226 -229 -72]
[-194 -16 29 91 133 -211 103 13 -107 142 237 -13 243 250 78]
[372 102 485 -66 -124 43 112 -234 -84 -9 -103 147 -99 150 8]
[-133 -198 -160 50 74 168 73 -93 112 144 -122 35 -68 133 16]
[-130 -168 -48 -96 -106 -9 -84 17 132 37 21 7 -12 7 -150]
[-92 180 -125 -39 -65 -58 -109 -329 78 -62 330 -196 -106 -90 -108]
[194 -21 142 344 246 167 16 -58 68 160 283 -23 -111 -76 57]
[97 -89 -80 151 -51 58 214 215 194 3 32 107 209 21 -71]
[257 -9 76 98 181 317 -72 221 -95 -5 -45 271 79 -56 -41]
[70 196 -9 -184 -308 -304 -345 -253 7 144 144 108 -43 69 148]
[35 -139 141 -271 -48 -8 -66 133 -87 44 -48 151 191 50 31]
