15
1000
[164 48 38 124 -62 139 -7 -16 10 -115 -1 -80 -162 22 -119]
[96 146 -232 145 -68 -27 85 -181 -270 143 135 227 -142 18 -2]
[30 -183 -156 -163 -31 -93 -159 -6 135 -402 -296 -36 -129 83 26]
[-29 -152 -44 -259 313 -57 -23 120 -10 -251 -73 44 -23 325 -134]
[193 133 121 134 -95 54 -76 60 -36 -121 75 -113 163 153 -28]
[103 98 26 -146 -170 -42 95 22 -138 -96 -104 -98 -148 -117 -58]
[-70 -102 63 -185 45 -123 -92 -138 -78 59 69 -237 -187 -243 367]
[105 226 -91 -441 -60 -347 -313 185 32 62 77 289 1 -140 5]
[149 32 -34 81 -59 -64 -63 -46 -14 24 -13 4 16 -173 -37]
[-357 -133 -412 -315 -113 -108 -131 -25 52 -68 -150 248 -221 -115 96]
[86 207 357 138 47 163 130 -81 -166 -121 -145 -357 -77 -216 -6]
[-146 -241 33 -56 -328 -289 109 -146 156 105 -5 42 -28 99 64]
[-85 -35 -29 -77 -106 -74 -163 -28 -85 -8 31 104 115 170 120]
[103 -149 55 -165 94 67 112 107 -143 -76 -165 -166 -85 -118 112]
[18 6 -269 11 -99 -124 7 -10 -62 -107 -40 -37 -29 -189 -102]
[-131 -58 -47 -13 24 -35 84 130 310 10 170 227 148 213 23]
[-14 -195 -226 -276 51 138 -96 10 -49 -96 115 239 158 -11 20]
[42 120 63 -107 318 46 190 -10 164 221 79 91 210 46 -103]
[-135 -131 146 -269 -78 -16 198 -117 206 -158 171 45 68 322 -32]
[39 74 39 187 196 45 130 153 220 116 69 -23 -51 11 26]
[145 267 -118 -297 -505 10 -96 -224 -114 -142 -157 -215 -344 160 6]
[69 12 105 -132 -44 14 56 100 62 -174 -327 -145 110 -48 -199]
[90 -59 -94 17 -84 -242 207 -50 -45 -162 115 -55 -126 269 23]
[-111 119 -50 193 230 77 193 116 117 190 122 116 3 -60 -71]
[47 66 43 81 258 11 24 131 101 -27 -111 20 94 -115 -126]
[-157 -124 -49 -182 251 34 -43 364 119 209 250 -18 195 118 -24]
[62 -163 -233 -246 -139 -4 141 184 64 -15 135 -116 134 -82 10]
[-79 -165 -202 -24 47 -56 -152 12 -57 72 74 123 163 49 -71]
[-35 -197 -102 8 -24 68 -27 86 -124 -223 -238 -205 -199 -265 -236]
[-92 108 -101 11 -213 -4 192 -108 176 -7 157 -328 43 -144 -15]
[253 42 -71 -99 83 -107 -263 7 -221 94 -85 109 146 -29 -167]
[-16 -133 -151 -236 -90 -286 -171 -260 -162 -314 -175 -208 20 -47 -29]
[402 155 0 30 -350 129 -327 55 -336 -153 -219 -39 -54 178 -2]
[70 9 189 161 87 264 227 46 173 -77 107 -136 -63 -159 26]
[81 301 99 283 154 -105 93 19 -61 -161 -130 33 223 -79 108]
[-23 -123 -22 -21 10 -116 -131 55 82 -35 145 2 75 33 127]
[190 1 63 -156 -167 -134 2 31 145 223 240 245 -15 106 -8]
[-113 165 -65 -108 201 62 63 -134 -141 -13 -29 -65 133 113 120]
[-68 148 208 363 49 48 -111 79 137 -404 189 -165 264 15 -20]
[333 32 199 144 88 99 -119 -85 -195 -88 157 8 206 -108 -61]
[-24 100 -190 -125 -140 -57 239 1 15 246 -79 -182 -98 -100 -112]
[253 -38 -249 -69 -18 -93 -73 -92 -162 -78 -228 48 186 120 -104]
[-58 301 243 69 93 30 99 59 89 21 -110 0 -55 260 -33]
[207 138 46 10 100 129 7 -43 -182 47 -6 -212 -272 -113 35]
[73 -118 17 62 -118 -243 -146 -101 117 -80 -213 -8 -1 -42 -12]
[21 -91 298 95 -63 9 -111 -335 -232 -22 -30 -49 155 -137 -132]
[-198 315 -162 -32 -17 -124 -17 -37 -76 -103 3 3 125 2 254]
[-115 -54 46 -201 -52 -9 -135 -4 -64 -135 81 -153 -111 36 -100]
[-16 114 141 184 72 -51 95 -121 169 -104 -63 56 25 -107 84]
[37 136 6 -86 -124 -89 -190 -188 -232 -80 -115 -175 171 -110 30]
[183 34 112 -285 -162 -17 -375 121 103 -106 -15 193 32 -109 13]
[347 -39 80 143 147 177 358 8 -64 29 126 -113 -32 -15 -20]
[-6 -100 19 -272 146 151 -45 -150 -403 42 -81 191 -40 222 9]
[-183 -54 15 -55 11 -108 153 95 23 160 68 -125 134 -183 -22]
[-246 65 -151 -190 -132 -23 0 -59 -19 10 82 192 60 44 -132]
[125 75 77 -95 -17 -47 179 462 354 271 -100 -161 -92 10 20]
[-74 -81 -5 38 -194 -101 -134 -132 -148 -152 -161 -85 7 93 57]
[-122 -143 -61 -171 279 -55 67 188 96 180 -130 -59 -61 -53 53]
[-27 -164 24 207 -299 -223 91 -73 -255 202 -333 198 -50 -34 35]
[-7 -170 -82 -61 -107 -55 -52 4 188 104 102 125 87 52 158]
[69 -171 153 -12 -93 -346 35 174 120 -147 322 4 32 59 25]
[-70 43 -141 170 92 38 -172 -265 232 169 14 -92 -160 -3 -84]
[28 -282 -115 220 -41 150 -11 39 -170 -238 -78 -46 80 -206 229]
[-344 -210 -1 -25 -293 -21 -92 448 -100 -7 -63 57 206 -145 48]
[-116 -33 10 -22 170 89 -76 146 47 -110 -82 -34 -8 41 -15]
[33 -130 -121 10 -169 185 -165 -125 -21 36 31 -97 -85 171 114]
[141 150 154 -91 -257 98 -250 206 -172 -156 216 11 -53 4 3]
[-125 -118 -37 54 6 -143 67 119 143 -95 -383 -71 -231 294 7]
[54 119 109 45 168 -35 101 -25 -98 189 -57 119 99 120 -37]
[-251 -235 -135 -111 -104 32 -123 51 109 36 162 3 -297 -149 -44]
[-70 143 95 42 186 -74 275 194 204 -249 -42 -35 -55 166 212]
[89 55 -105 4 -131 75 63 -215 -78 -16 27 -181 5 -140 -228]
[45 -152 325 -57 175 -177 -85 64 -86 114 197 204 95 -65 63]
[-89 -86 -4 -78 27 102 63 -14 -59 -79 -6 -45 -119 -45 -128]
[-5 206 63 -140 -39 103 -208 -93 -63 -159 -13 44 -125 66 199]
[-52 158 68 106 29 169 154 178 354 59 143 95 -6 8 -11]
[108 20 -42 21 32 -346 -90 30 -49 -178 107 96 58 -36 -33]
[-22 -5 39 184 22 -39 6 -36 8 8 -244 -49 -55 -201 79]
[63 -183 243 37 211 -250 -406 276 35 117 518 45 54 35 -7]
[-182 -352 -88 125 -127 28 199 -50 149 257 -47 37 -137 -70 2]
[-60 -63 -305 68 -17 -223 121 -172 -54 -16 -31 27 210 132 -31]
[-196 88 -196 -162 -95 -52 -103 -199 81 186 9 -22 -194 -128 132]
[45 30 -47 -124 -103 63 -61 109 65 266 109 104 51 184 -108]
[-6 24 15 -313 45 -183 -221 -103 80 40 -246 283 -321 -32 -8]
[-72 -51 22 -50 -30 -303 -227 222 220 -32 547 -64 44 -130 52]
[-162 108 -161 -96 -97 -116 -94 90 58 116 68 111 269 140 127]
[-137 -183 -136 27 145 192 122 141 262 220 -130 -66 69 -2 -114]
[-6 -113 -255 108 -271 100 405 -310 173 206 66 -31 75 -29 -33]
[-450 -322 220 205 -150 47 -16 186 -80 -199 115 -44 -316 -283 -12]
[146 -205 -241 298 260 12 207 195 91 21 -186 -128 -39 120 60]
[-22 83 185 21 -11 248 -231 -104 116 -167 -253 28 62 -163 -53]
[-160 -214 67 283 125 -94 -181 -97 -121 -167 139 -76 -79 -60 -239]
[-67 31 26 99 -235 94 -82 61 72 -35 -202 68 43 178 32]
[70 223 141 4 86 -295 28 188 -97 276 -94 -174 184 -120 -28]
[-169 -90 20 -325 -100 9 -541 -40 -26 55 -244 184 -170 135 -89]
[105 -151 -36 6 -54 159 -23 -27 12 -78 55 132 51 133 -207]
[-143 295 481 223 -270 129 -177 254 -143 -20 297 -237 -167 -262 -18]
[-202 99 36 -100 47 -38 304 -2 18 16 -30 -90 -115 -111 -3]
[-117 112 -32 304 -31 65 -306 119 -50 -313 -84 -17 35 20 43]
[52 173 -83 13 -59 92 -51 -42 480 131 183 19 -121 -72 55]
[29 -41 77 -73 179 78 108 6 118 31 132 3 17 106 -7]
[31 177 -50 -85 20 -21 8 113 24 -173 72 178 190 -95 68]
[123 113 -21 69 17 383 142 93 -6 -185 -105 17 -215 -102 6]
[-310 -84 216 62 -34 -179 -228 -127 -78 -175 -116 6 88 79 -10]
[46 -108 -55 -54 -41 -88 -49 9 136 0 -55 -66 111 107 157]
[80 175 -36 -225 125 -59 -163 113 475 130 -6 136 -224 -134 76]
[16 175 91 140 349 42 407 202 -43 -72 90 -57 -158 -211 50]
[-244 121 -204 52 -95 241 31 71 -300 -69 -227 -144 -193 -173 -5]
[37 -156 -85 10 -33 118 102 56 137 133 35 101 189 -5 31]
[-74 176 -35 -216 -175 -216 -106 237 -98 0 68 68 343 46 69]
[193 252 -42 93 92 279 136 -30 -2 106 -5 18 -83 31 -97]
[311 225 135 22 5 45 -60 176 -279 148 127 -205 432 293 -44]
[204 183 -221 -25 -26 196 35 -419 212 -399 -176 -209 -127 -16 18]
[-79 26 -60 -100 10 102 109 186 84 200 -57 153 22 -121 24]
[76 -123 65 -245 13 -134 119 -139 206 91 146 -51 -80 -260 -67]
[161 -334 -118 -264 -431 -244 -277 -342 -7 -8 96 160 147 74 12]
[-8 201 -35 -16 -56 -154 -79 100 14 19 102 201 -28 -105 3]
[-181 279 61 279 178 -172 42 64 -191 -166 229 -36 189 17 -134]
[-60 -9 270 105 198 122 -17 174 179 -18 258 275 63 -41 73]
[196 260 273 55 -69 -97 -128 -92 22 -126 100 -2 -106 283 -22]
[-22 33 170 -51 -45 182 63 -48 -69 -182 32 18 -223 -167 -2]
[30 -19 -46 3 -135 -139 146 109 -82 -47 227 83 370 -153 -13]
[-14 -252 107 175 67 278 -187 157 20 22 4 150 -22 77 -54]
[145 171 -38 91 36 107 66 91 276 151 158 -55 -20 -24 4]
[-70 -158 -112 57 12 43 -217 -57 -101 159 112 -43 27 13 -44]
[230 -116 130 -193 157 71 -66 129 -21 74 -47 189 -265 125 -128]
[-9 -21 4 -28 169 138 65 90 153 137 -22 -61 -120 -246 -57]
[103 -98 -22 87 155 -11 -113 -234 -116 165 -43 -127 -23 -56 -185]
[-15 111 205 -119 -272 116 163 -169 -104 -45 214 99 -15 -40 98]
[-164 129 -196 138 -258 -103 135 -192 -30 -4 -40 -138 -49 130 235]
[157 -52 -34 -97 93 152 -22 -27 19 -31 -394 -189 -35 -127 57]
[4 16 22 122 108 -86 -158 -91 -25 -84 -89 87 46 -87 37]
[15 83 -298 35 12 139 95 -94 146 -218 247 262 92 -53 -12]
[7 -37 -189 -80 19 86 46 109 78 -12 -300 -167 -60 4 1]
[-178 -282 96 92 151 106 202 4 -179 17 -167 -11 199 44 -47]
[-131 43 106 -185 56 -203 -87 62 36 -44 100 -212 -18 209 18]
[-57 55 -327 -137 74 192 -16 -13 142 -135 -39 367 309 107 -26]
[28 -177 -25 -79 -98 -78 31 23 -54 -174 63 -134 -155 -39 -130]
[-116 47 35 -139 -47 32 42 7 124 198 143 222 123 -83 -142]
[132 -64 114 -231 156 -276 135 -156 111 57 38 -34 130 -211 44]
[66 49 -225 130 -252 -47 89 61 27 -257 -70 -82 -62 -84 13]
[53 112 -85 4 12 93 -131 30 -95 -40 -169 69 -29 39 135]
[-58 -97 6 -221 -343 -322 -229 -3 36 111 -11 -76 -143 3 77]
[107 28 142 240 -48 -46 24 -42 39 -102 87 5 133 -90 -191]
[-106 229 -284 76 -12 -296 -380 -61 -159 208 -324 12 109 -153 -11]
[63 -217 371 18 122 -50 118 -160 199 -6 32 -15 14 120 135]
[52 -30 -203 -113 -55 -3 90 34 -39 157 269 -75 -19 350 66]
[98 -100 -174 -106 -102 -259 -219 -102 74 -204 -101 134 -107 76 75]
[-4 -52 43 6 58 3 42 -6 -15 183 255 222 225 223 149]
[-80 -34 -339 -7 62 -202 -128 413 39 173 -61 -226 -149 -323 5]
[121 179 -54 50 -21 350 317 44 62 35 8 205 -51 -81 -5]
[-341 -122 -64 86 8 26 -223 59 -107 -139 -194 70 186 6 26]
[-81 -106 -47 170 -21 -41 -322 93 -194 33 -43 53 63 268 58]
[47 -26 202 135 75 110 -56 -68 -157 -303 -70 -99 -29 83 3]
[-241 175 -141 -27 323 128 66 67 106 159 82 5 82 -21 17]
[-63 -212 149 -56 24 349 153 -95 -65 -322 -120 -137 -150 -234]
[17 96 17 63 1 -123 39 188 107 17 65 -138 -39 200 55]
[-6 3 -259 -156 -112 -322 -22 29 38 -113 -144 -243 -321 10 1]
[-130 -173 78 -17 191 4 -111 -208 -128 -162 -34 82 -53 -16 93]
[36 19 -45 92 -38 152 -31 160 113 69 -55 189 129 143 -29]
[-37 172 65 287 114 123 58 -7 -200 38 -31 -122 -75 126 -23]
[20 -158 -106 1 -81 -130 -109 -46 -72 85 71 199 -42 -130 -106]
[-200 -68 -91 -179 98 142 7 -218 117 45 58 155 47 106 -2]
[92 -30 47 155 46 -121 271 104 41 277 52 17 149 224 36]
[-35 114 -4 -58 -80 -56 -67 76 56 225 292 102 -75 218 -38]
[29 -55 210 -98 223 -262 103 -183 55 -5 139 -43 76 -25 53]
[-146 48 145 -9 -18 -109 -42 -33 145 317 108 203 44 31 32]
[134 89 62 18 138 152 178 226 220 -56 165 27 5 22 6]
[-152 -186 -61 -34 237 84 -380 -10 -177 25 -175 -325 -371 89 -42]
[93 -70 110 -239 -17 -15 -104 -90 -65 -108 -107 17 -119 135 76]
[111 -218 75 -160 -6 335 -53 207 362 40 113 153 198 59]
[-47 10 46 1 -21 -9 -70 43 -67 46 -34 69 74 208 -29]
[-228 100 -79 -277 108 -156 50 175 -13 10 -221 -37 -1 -117 42]
[-222 177 73 -142 -126 -24 -162 -153 -135 -264 71 -73 92 -88 -35]
[74 184 156 72 -6 -121 -141 78 17 88 55 51 -104 53 82]
[-124 70 -56 93 -64 -148 -151 -198 111 6 -65 -78 -6 -50 1]
[150 82 102 -50 18 -129 -44 -17 225 251 307 101 223 92 101]
[-96 317 -26 -151 94 181 -251 46 89 -40 280 -64 222 29 -40]
[102 122 135 90 -4 -138 -194 -197 -77 -67 -59 -137 -67 -120 -187]
[-188 27 -147 142 86 39 53 27 -73 -123 25 -210 147 -86 192]
[-65 -125 -73 166 148 115 -205 84 172 148 263 111 75 1 2]
[-139 -175 -28 -155 -39 -68 -82 117 -5 -56 -24 -143 -92 -199 -59]
[145 -29 -31 -41 -117 -90 81 -141 279 -80 -148 -135 129 -15 -131]
[-27 50 -31 -104 -53 6 29 5 -118 -48 54 20 -178 -55 29]
[206 74 62 -44 152 273 268 160 159 33 -38 -104 -22 -165 -23]
[-98 -95 39 192 34 -99 -17 117 154 137 -7 67 160 135 72]
[69 100 -79 133 -46 100 -97 174 -191 0 -20 41 29 -214 -51]
[-163 36 -123 252 22 -96 83 45 1 -29 59 131 -124 -30 2]
[79 -73 -135 8 59 94 -105 139 371 139 15 -130 -111 223 149]
[-52 -38 -206 243 176 168 171 -23 56 27 -30 7 -159 80 -202]
[-128 46 3 -85 67 -47 -230 -92 -154 31 -253 130 -332 153 73]
[-38 -69 -222 217 55 -58 400 218 163 -93 -186 -136 -28 88 53]
[-53 -255 -250 -357 -359 -14 -2 226 35 -130 127 16 46 16 102]
[106 39 -78 -51 174 215 97 68 8 -64 203 -103 -45 94 85]
[62 -65 -40 -58 210 -31 -55 -53 -60 23 -46 112 80 -20 -82]
[-88 40 4 -20 157 204 146 -4 48 -38 -178 -230 -53 21 -11]
[157 -244 146 -62 -37 -129 269 -205 -73 -51 -41 -88 124 13 124]
[166 91 157 201 -16 107 0 171 20 -69 117 -12 88 206 214]
[-21 67 194 19 21 216 30 82 10 44 48 155 24 -79 67]
[95 1 -74 -9 59 -134 44 -190 193 31 57 137 2 21 -35]
[114 30 37 335 40 294 332 -55 300 11 -203 262 -213 43 -9]
[52 219 -154 -83 -98 53 -131 -223 55 50 43 -87 -164 -101 -21]
[91 208 -9 6 85 79 107 65 -131 351 15 -303 71 -435 -11]
[-233 146 149 108 62 216 -74 -44 94 -141 -34 -188 -152 -105 -21]
[-65 -65 -148 -49 -127 -94 -239 -154 -147 -218 -361 -128 -188 -18 35]
[-112 50 -243 -65 -75 230 342 -151 -20 419 -180 47 -39 209 38]
[-77 -102 -61 -44 -13 7 -6 6 -102 -114 -51 -71 -134 -171 -114]
[93 -152 -42 35 145 -330 -465 73 72 -101 25 -68 137 59 43]
[-52 22 32 -3 -120 -27 -133 -321 -117 63 -131 -42 -256 -184 56]
[-156 -232 43 -20 198 -76 110 76 154 59 34 -117 -83 -43 133]
[86 -56 239 59 -8 -59 78 -90 24 109 60 -74 113 41 -175]
[27 76 136 62 2 -51 -121 -83 -61 6 -132 -21 -84 -99 -90]
[-38 150 -243 86 -9 81 -261 -60 -35 87 179 -178 -229 149 -83]
[91 4 -23 -58 3 -129 48 -149 169 -231 88 80 176 -83 -65]
[-155 -212 -148 -159 -57 -156 -61 -151 -126 -127 -151 -37 -196 -44 -20]
[190 -73 -64 -88 -226 -170 182 -121 -211 95 -104 -218 100 -243 -124]
[93 -239 24 -84 37 89 -82 -31 97 -18 -36 12 -224 -330 -75]
[-209 -99 -195 -3 142 -110 -71 -79 113 -55 116 180 7 107 54]
[178 202 16 -67 74 106 -60 56 211 -36 -205 -88 94 -76 -16]
[-19 113 85 -92 -146 -105 -35 20 -58 73 -143 44 -28 -28 378]
[-234 -117 -6 -168 -72 -69 -366 -154 -175 159 98 238 36 -230 -80]
[-42 -10 122 283 14 -155 99 67 18 -15 -129 40 -56 103 36]
[4 -17 -4 19 -53 24 -57 -22 -110 35 -162 -25 88 38 -49]
[60 -230 -188 202 -113 175 166 -157 -178 45 136 -205 163 194 13]
[-279 126 -23 -164 -9 -207 -13 -47 211 5 58 130 -50 -224 17]
[6 -30 -90 -55 33 -79 179 214 189 -41 91 18 10 77 -103]
[-44 -121 -62 -143 -115 -127 -151 93 -201 -5 -85 22 -64 -154 120]
[204 -151 -88 174 -72 73 73 28 -140 -76 -134 -3 -138 63 -48]
[107 -28 89 -148 -73 -80 -88 -80 -191 -88 -199 23 -173 -17 -59]
[-17 253 119 -33 164 107 87 209 71 -568 -44 134 161 66 8]
[-64 24 57 117 25 -110 106 71 97 -108 87 53 -66 -291 -230]
[26 -152 45 116 -55 82 -7 12 -61 -72 -89 -262 -170 -133 -23]
[72 -9 126 36 107 103 -239 -194 -191 -366 -42 -103 -211 222 -3]
[65 159 288 162 176 -98 -138 -322 -124 -206 -275 -80 -305 -52 207]
[83 154 183 46 -66 -171 -171 -169 -92 -49 -172 32 -59 -137 -63]
[105 169 -84 -143 -154 162 -129 -122 -7 -287 -128 -155 -89 -247 -97]
[55 -182 -9 -279 -26 -219 -97 27 -128 123 98 79 24 -232 87]
[45 -118 -275 -336 -299 -355 -251 -149 92 109 -84 -97 -52 -27 -167]
[-186 78 -98 286 -83 -161 56 -98 -44 -163 -63 94 13 -83 -164]
[226 -140 33 -66 -22 90 294 368 158 20 86 211 63 209 14]
[192 -259 74 96 -46 113 -68 -13 -103 128 132 -94 -7 94 -43]
[110 115 -40 -101 71 -95 -48 -34 146 -43 -223 29 24 75 87]
[-133 191 66 190 -37 50 -148 156 -70 24 -37 88 -76 -139 49]
[47 -208 87 -38 10 -65 -91 100 123 66 218 10 70 -112 120]
[-60 16 -55 -94 -116 -142 -99 -133 -233 34 -138 -128 310 20 204]
[135 14 40 -91 134 73 49 52 -75 98 61 1 190 -64 71]
[-21 -30 -213 -68 144 298 -125 -20 222 65 -36 151 -262 -47 168]
[73 146 -11 117 -256 108 299 8 104 129 178 52 -507 -33 -3]
[-67 -132 -33 -6 77 73 31 124 -21 -203 39 213 153 109 113]
[-141 -111 -185 -6 140 152 175 -35 -36 -69 -66 106 105 40 -6]
[-114 49 -43 -47 65 -226 -15 -18 -141 -81 28 -36 -86 101 4]
[124 -55 -158 -89 347 223 -3 -35 15 103 224 -5 37 141 -56]
[-7 109 -22 -5 77 -133 194 -206 49 -102 -101 -21 -52 -18 85]
[53 -40 -3 19 144 80 -71 -10 -82 131 287 122 -185 -96 8]
[44 14 141 -24 -283 -359 4 91 158 7 219 -89 247 13 34]
[145 -111 -23 -239 98 -195 131 -108 -545 23 -138 -180 -11 222 6]
[171 83 63 32 118 230 145 103 77 -76 -15 -39 -138 -88 107]
[-205 -134 113 130 14 -156 -139 -356 220 93 119 5 139 31 -13]
[162 -126 -57 -84 95 198 -192 19 78 -89 18 -142 -272 -112 13]
[356 -58 316 233 -122 -153 165 -293 17 -283 -119 -66 -62 -17 10]
[-186 -39 -137 5 -102 -72 99 97 142 -58 36 -249 -279 -173 -8]
[-58 -152 73 163 -173 295 -11 79 266 -323 -75 -23 -147 84 -34]
[234 502 99 381 109 290 -25 191 -201 292 178 83 114 69 -6]
[-148 -17 -131 91 38 272 -37 -2 -109 197 149 165 270 151 68]
[-126 -169 -38 64 -15 -13 64 0 -30 18 -2 -30 -109 -72 -17]
[72 -200 -442 -173 119 22 173 29 -221 3 76 92 -239 -131 81]
[-573 28 -148 -197 -270 267 -206 20 139 -48 66 141 55 -93 -45]
[-189 -91 -114 -152 -160 -185 224 243 -81 -173 192 88 -63 -243 -23]
[-140 -186 214 43 163 204 91 -194 96 -151 15 -61 -53 -298 24]
[-24 50 28 55 -43 -89 -148 -417 -141 -84 161 -123 79 306 -19]
[-326 -100 -231 -142 -417 -527 -293 54 -125 -209 -195 9 -117 104 24]
[0 -13 -118 -106 -36 -147 156 192 305 56 -82 -225 -59 101 9]
[-203 212 -125 21 24 150 -170 128 -252 37 -113 44 329 71 21]
[115 15 -2 68 334 -33 -71 -12 -160 -10 -12 120 64 104 115]
[20 68 -103 -194 -271 -55 9 -179 -305 -307 -269 -264 -355 -135 28]
[-207 -140 95 -33 71 92 157 94 -181 -53 161 -16 -113 36 -78]
[-263 56 -54 -211 -100 29 -105 42 29 398 -99 -169 6 -210 -430]
[-203 -102 199 -102 74 244 -23 97 222 -165 -111 398 -62 92 59]
[-176 -39 26 149 -33 -3 -131 3 -237 64 -214 -133 35 242 87]
[-68 -6 0 157 53 347 392 -6 -116 -5 -110 230 -34 146 -20]
[20 4 -222 -125 145 96 -111 -294 -250 -156 -97 67 -51 27 -67]
[74 101 36 -11 -48 -64 157 -37 246 115 95 3 -147 -130 -164]
[280 166 -86 -91 -80 -59 -70 -170 4 -39 -238 -172 -105 -127 22]
[-104 -179 -45 67 146 124 248 64 27 -72 -60 68 29 -88 -36]
[-221 216 -161 -242 8 -304 -192 91 -2 -49 -117 22 108 -252 61]
[-13 33 17 32 33 -170 44 -30 223 67 85 -2 40 49 -144]
[-123 -96 -91 235 75 -48 -124 19 119 -84 94 -46 -113 396 -47]
[-27 171 -221 132 -18 126 40 144 67 14 55 -81 -126 96 -77]
[129 132 172 100 3 111 -179 53 -216 116 121 74 51 -22 13]
[34 -117 -18 -332 -157 -44 -89 92 -240 104 -98 77 27 -2 80]
[-109 -271 -39 190 -76 -174 169 92 180 -67 25 -60 -127 -46 8]
[-103 36 -13 50 -368 137 -92 -41 -75 113 -175 -90 -82 -345 -18]
[96 87 7 85 83 146 39 37 2 119 58 137 113 206 13]
[-67 162 296 72 19 59 -287 -162 -53 -207 -306 -114 53 287 13]
[272 93 269 119 -204 -93 -44 -233 -48 -45 -263 79 25 209 -3]
[123 -46 -7 -217 61 14 235 -48 66 -177 176 65 256 288 91]
[29 -338 -73 -40 182 -66 95 -115 -78 -69 224 143 -245 -116 -70]
[72 32 129 221 91 184 51 275 142 -86 -56 67 -47 -49 28]
[141 -9 -58 -6 57 113 76 99 -18 -53 94 5 190 -111 105]
[-48 -97 -80 181 7 140 158 -96 196 136 -182 -168 -173 -19 -170]
[-216 -49 204 39 66 -90 214 81 -174 90 117 56 88 181 -88]
[71 -117 -33 70 -55 94 -55 80 -71 -88 -249 -199 -19 -148 99]
[-135 -261 -129 -82 -34 -239 -34 -62 -148 -87 -243 -233 78 -270 -10]
[-27 -153 161 -149 -194 24 32 -18 -65 -124 -286 -19 153 9 -63]
[-146 -66 50 -177 -349 -147 44 -5 -160 54 -24 -252 -139 150]
[140 -157 -32 123 53 43 6 -178 68 140 218 27 -95 31 212]
[-6 -82 -129 12 3 92 -11 59 32 86 172 231 78 261 125]
[207 138 7 -141 -81 -51 7 153 -93 28 258 300 43 71 54]
[194 -110 -32 49 -31 4 16 289 159 -264 -92 58 117 -99 21]
[-84 -67 -219 398 -64 -223 186 192 204 78 214 -116 -126 -16 -101]
[-149 -66 -93 -270 -159 -179 -33 -92 -253 -134 -64 -223 -69 -115 -43]
[-196 56 -109 -65 -218 37 -36 15 189 -277 92 -167 141 237 60]
[35 40 14 133 23 43 132 59 159 77 96 92 145 119 71]
[-110 -43 -164 19 -150 -82 -208 -18 -81 9 26 -30 0 -107 73]
[185 27 298 -116 -41 105 -46 115 -6 151 -74 124 -109 -58 -113]
[98 166 18 -47 -65 132 173 -52 22 141 74 165 234 232 56]
[-50 44 -132 147 -58 257 26 82 -32 97 201 133 -11 -23 22]
[78 147 -152 -206 -46 350 -88 26 -98 -84 -154 64 102 256 -121]
[-74 191 -94 -155 14 63 3 182 -92 -88 -140 -299 76 -152]
[310 -159 -19 16 -78 24 151 -100 0 66 58 19 134 -100 268]
[249 -59 141 129 -46 98 246 -93 82 -69 268 -17 109 126 -19]
[-1 -99 -86 -30 -232 -69 262 100 -167 -53 54 -16 -7 -15 64]
[-16 -52 -17 188 168 240 96 109 112 145 10 35 179 -23 19]
[46 111 -256 27 -53 50 -241 -32 -89 -280 -162 -144 -216 -339 56]
[-97 -168 32 22 -21 38 33 -29 151 129 59 -65 -266 -166 84]
[142 32 -39 -74 -89 -55 79 139 113 184 -42 177 -62 -70 150]
[-13 117 153 119 185 7 -8 -20 54 223 227 374 179 198 -9]
[-110 -8 121 133 -29 -79 -67 -198 -183 187 90 -11 41 -23 -76]
[38 -12 80 39 8 48 55 -275 78 -194 4 18 174 211 76]
[-141 -107 -25 64 -111 -49 -173 -105 35 229 150 93 132 93 192]
[-121 -40 -61 -94 -145 -155 -168 -10 -186 -66 39 -193 -61 41 -33]
[19 -51 -15 -23 191 105 41 103 256 103 -136 -205 -1 26 -42]
[-309 -2 -130 -160 167 -18 -70 231 184 -318 45 281 -156 38 56]
[108 -123 -350 -237 -43 -73 84 77 124 136 -2 34 -203 -110 -70]
[33 -286 -97 -128 -103 -89 73 -254 45 -277 38 -16 21 -155 65]
[131 136 195 179 104 -146 -113 -216 -221 6 264 189 25 16 -91]
[-184 37 -18 -18 -71 -53 56 -218 -129 -139 30 -2 149 -88 -113]
[-119 77 -6 173 -19 -18 -101 -254 -167 -205 -15 -115 -33 -42 -206]
[22 154 -158 -234 -245 -70 -68 -14 281 415 281 -119 245 91 -16]
[153 170 69 221 2 55 -32 -175 -235 29 -9 -64 130 -134 -250]
[144 112 -22 -14 -20 -98 -25 -50 -164 -52 -15 -235 -204 -29 205]
[167 225 28 6 -80 200 -204 41 -33 -94 187 67 329 -78 101]
[180 120 -7 -101 -149 26 -348 -139 112 -74 -25 -80 53 -122 107]
[-105 -269 246 194 29 281 -198 -193 -248 97 -101 -29 127 210 -86]
[-12 -60 45 78 -22 33 156 -136 106 29 123 -44 -43 152 14]
[-197 -105 -247 -8 73 -163 -59 -100 -134 -149 31 -15 247 61 -10]
[-217 53 -71 -108 -321 -94 -260 -47 -160 42 -4 -59 -170 95 -9]
[194 6 11 93 196 -23 299 -149 189 -107 -68 153 -120 205 -68]
[240 -126 -127 -261 164 -125 -230 -154 -142 -129 -279 -43 137 -2 -170]
[57 76 -34 -170 233 307 13 251 -13 40 200 132 -436 -323 1]
[-4 -203 90 -210 129 -184 -17 74 -159 15 104 -68 155 -61 -255]
[341 -422 36 100 -82 63 44 -100 38 260 5 161 -19 -246 7]
[24 43 34 234 -248 113 -158 -36 30 32 -137 -124 -46 -85 -64]
[-4 -11 -106 -171 -21 -248 -160 54 -76 -237 47 -238 -28 67 172]
[-25 38 47 -181 -138 114 319 -139 34 320 68 -185 141 -69 -15]
[-270 -95 50 36 -125 -207 -64 -34 -72 -3 -231 -413 -60 223 53]
[21 132 219 166 -178 -261 -107 -33 142 41 152 20 73 38 41]
[73 -160 229 83 -141 1 33 3 33 122 126 159 232 252 85]
[49 7 202 30 203 139 128 122 -255 220 -57 104 369 63 157]
[-85 -169 -183 -168 -139 -203 -112 -98 -87 -100 -63 10 -83 -61 25]
[28 37 -24 89 -84 -169 56 25 327 119 110 183 199 -154 -19]
[-137 -5 164 128 73 49 144 333 411 245 37 253 287 26 -6]
[137 -206 -276 -119 -24 -23 -225 -256 -85 -2 -27 -228 -41 63 16]
[190 -126 79 -52 16 -91 -102 26 -106 315 -14 301 40 198 51]
[-166 -98 173 34 -11 -47 36 -102 94 76 86 235 175 35 195]
[223 -17 151 -22 15 -158 105 -101 96 -167 -111 -170 194 -14 -75]
[-166 118 17 -267 -99 104 16 233 228 317 146 141 -51 16 16]
[160 -36 -280 234 -94 -146 151 20 -402 126 -63 -324 194 -200 14]
[199 259 -111 261 -39 204 -150 -21 -186 -79 39 -29 133 80 -34]
[-117 -17 -207 -128 -13 -107 -294 -142 -69 -285 -293 -361 -133 -367 -15]
[-47 181 331 137 -178 -75 44 101 143 23 -17 -4 -32 -2 -60]
[-141 -64 -6 70 -22 11 -22 -125 -10 -122 -27 -273 213 -112 -12]
[102 74 -138 -34 -44 -95 -224 59 -22 -107 16 -74 -188 -97 78]
[-91 -119 66 302 130 72 187 -121 -310 62 -21 187 -1 -50 -92]
[-84 -21 -77 -154 -258 -7 -73 54 6 -82 159 86 -5 -45 -103]
[136 91 233 193 47 -82 13 -41 -21 -58 -137 -27 7 -27 91]
[-369 -183 -50 144 99 147 -40 182 -166 -201 -207 -198 102 -180 -80]
[-219 -221 -262 -237 -97 69 -27 131 156 278 187 208 -23 54 1]
[175 -64 -14 -226 -161 -52 -9 48 293 155 -81 311 -113 -133 -33]
[-287 -20 -115 51 147 15 -175 -293 -150 -97 110 -130 36 30 -32]
[-65 18 -46 -43 -372 147 76 -239 -135 -139 -367 111 -215 223 52]
[-82 -63 -15 61 -9 -33 75 -85 -3 80 -120 16 108 8 -27]
[175 257 -71 -45 -119 -45 175 154 300 -395 -66 -370 13 -39 7]
[-320 -67 17 177 17 -18 90 317 -86 -344 -20 275 100 62 -102]
[-35 -64 161 -208 -113 -212 175 -148 -95 -113 106 68 289 141 117]
[103 240 -23 70 0 124 -93 170 231 1 141 334 163 -4 12]
[127 -31 226 -245 247 238 -40 -116 143 307 -120 -84 91 64 -11]
[-10 -25 50 46 204 58 175 -107 189 -174 192 -239 189 204 3]
[303 77 253 82 225 80 -20 -126 -92 102 -150 14 77 -13 31]
[14 125 -93 -131 -43 -56 -122 -177 280 99 -12 163 -86 22 -105]
[15 87 14 -83 241 31 -193 -221 -240 -89 -141 29 -141 -161 -94]
[-146 -33 56 -65 -205 -33 165 83 68 -10 15 -70 195 93 -13]
[242 -34 199 221 -106 104 -56 35 -56 14 92 87 197 102 15]
[11 -81 126 82 105 153 -48 -190 -162 -155 -133 -96 -85 -73 -29]
[-54 66 -262 -193 36 99 -11 134 286 231 125 60 -135 4 -65]
[156 257 65 184 -71 -17 27 -99 -203 67 242 -3 116 189 3]
[233 -331 5 -88 -3 -426 281 -360 -250 360 99 202 406 -180]
[-282 -99 -288 -135 39 212 -118 -69 -32 -135 -74 -292 -57 11 -31]
[-138 -49 -152 -139 -232 -58 28 -24 -273 30 55 -10 224 107 15]
[-89 129 15 -223 -40 -4 -198 -41 -12 -119 58 -95 7 213 181]
[89 -84 173 156 -221 221 62 -85 -228 70 130 103 228 217 11]
[83 7 136 40 -172 145 131 14 50 -215 36 36 -73 -144 -44]
[-181 -192 -5 4 -240 -166 196 95 -134 150 0 85 -53 -72 -28]
[141 13 -182 199 17 126 246 80 171 -151 -8 211 -26 76 42]
[131 231 165 -4 -31 69 177 133 141 -83 -135 101 96 -39 91]
[214 -24 -35 206 -87 17 -57 36 205 500 -136 -13 -26 515 -8]
[90 272 76 -166 53 106 -189 -67 -135 -78 53 183 83 99 -12]
[29 190 277 -211 -27 -155 146 104 -254 56 23 -94 -112 150 -114]
[49 -234 -43 156 42 80 16 140 -4 264 -182 137 -82 -186 1]
[156 -116 206 60 -83 155 135 -114 317 -5 -78 0 -147 -95 -64]
[-123 -177 -154 36 66 127 16 -21 29 -69 77 -96 -85 -30 -144]
[92 -205 68 129 100 -67 252 271 -38 12 40 25 -154 214 -48]
[46 165 291 186 -99 208 -66 186 282 2 6 194 -157 24 -26]
[-19 2 108 -34 172 -128 155 254 -78 198 -117 -37 -70 89 17]
[-54 -123 -136 71 0 37 -188 -81 -29 -153 -91 39 -9 89 46]
[17 -131 -153 -163 195 -7 146 -15 312 -38 -238 -286 -142 -49 12]
[-265 -259 0 244 159 -198 119 -173 -41 -111 304 -51 7 -432 -10]
[-77 -95 100 72 -11 161 54 210 26 268 62 217 -60 163 -20]
[205 -408 177 -15 359 310 84 290 177 206 -183 225 122 58 6]
[-33 -38 -7 26 228 -31 65 -215 -114 47 156 85 200 21 249]
[1 -64 150 75 38 48 153 63 -33 -237 -186 33 142 -99 -19]
[230 103 124 132 -10 -87 -95 88 -94 -33 -38 86 -125 63 20]
[-147 -58 -67 295 7 171 199 7 50 327 -145 -13 -9 -171 59]
[-128 -139 -60 -10 97 58 9 90 216 284 270 124 -16 -45 1]
[-77 -57 17 -102 91 -74 79 -93 -91 -65 35 -46 76 158 34]
[-229 113 259 267 188 -117 -259 247 325 143 65 -65 -148 -238 -64]
[-23 -164 -226 -48 -149 13 -35 34 91 98 -139 -291 0 113 10]
[-135 150 -2 286 12 223 217 42 -133 26 -298 175 -191 -268 -4]
[-17 -57 106 31 -87 -73 -242 40 -65 84 141 -52 -76 161 27]
[11 19 151 169 4 163 105 177 98 46 -2 -89 -86 -41 -33]
[135 165 104 287 -25 56 23 -142 -97 25 289 207 -95 71 -7]
[159 112 -77 -167 72 135 -39 232 137 4 41 -88 -399 114 71]
[-83 221 -203 25 165 -91 -67 -22 -154 -57 38 -38 21 -212 185]
[-232 -66 39 -56 75 243 -95 -27 -44 40 -93 134 86 -33 142]
[70 50 -94 95 208 78 -209 -168 102 121 171 28 84 3 -171]
[81 -32 144 -61 134 -74 103 -142 222 -237 -95 125 -364 18 -36]
[91 -175 159 -68 -249 28 35 -119 -34 -395 -363 -86 58 -7 49]
[65 -100 -6 -62 111 196 49 206 92 118 -39 -61 229 -57 -74]
[-248 -181 -76 55 188 -50 -47 -109 159 92 126 -103 115 178 98]
[25 227 370 197 -15 -48 -38 -18 -47 -7 -78 -8 -130 -113 -117]
[-41 -197 88 -138 -17 -123 256 -220 13 166 84 379 101 130 -24]
[-142 418 178 -80 -7 123 229 -101 30 180 47 -63 -65 75 -365]
[103 -173 -132 -65 135 -27 93 56 -27 -17 -206 -11 -259 23 105]
[-178 144 221 -128 61 -49 41 -167 -106 -90 -85 -176 146 172 -170]
[264 406 -190 -340 20 -239 -519 -266 14 -140 122 75 162 -11 -5]
[-17 182 92 199 -42 -130 -95 -14 -79 -131 88 -248 95 124 2]
[185 243 207 41 -37 -112 -34 -24 -87 222 78 -5 54 -98 -145]
[-179 13 -192 28 372 122 14 87 -97 154 -43 -11 63 420 -7]
[-6 212 -199 -131 15 -9 -89 144 -153 4 37 -44 -128 133 -251]
[358 115 -12 10 99 3 37 -53 -174 -181 53 -180 139 -193 -127]
[91 69 -20 -54 57 185 70 -39 -199 -191 62 -9 62 27 61]
[116 28 241 294 164 271 71 -138 191 6 -74 -181 124 63 13]
[33 -254 -180 -59 191 142 -173 -27 131 73 -19 -115 1 10 27]
[214 -110 62 85 -16 101 -6 133 -193 -372 -24 149 390 -106 9]
[145 -41 -76 -37 85 -270 172 -119 64 -41 -143 -208 -198 -43 88]
[-154 -49 -79 -8 50 11 -258 -62 175 215 -227 139 201 -114 150]
[381 240 -20 114 29 204 -166 -45 12 119 -307 -164 -106 -304 -17]
[-253 -199 63 -106 -346 -264 -275 61 -55 -149 -84 21 303 -113 -4]
[120 55 164 98 44 10 104 -19 -26 101 -125 -113 57 -124 -83]
[131 -165 192 190 139 66 31 -201 187 -119 19 81 167 304 4]
[72 -9 -83 -154 -243 28 -31 41 137 22 85 -132 -101 160 -70]
[138 117 -231 -26 -218 21 -159 72 136 255 -60 94 239 93 -213]
[-90 -262 19 -78 -224 -283 14 -239 -88 13 -218 -264 -90 -96 65]
[-120 -107 139 -97 12 -124 153 86 36 341 354 81 73 29 -20]
[56 -163 -52 -76 191 -1 73 169 17 -71 177 79 86 -61 -7]
[-108 -107 -120 -190 -148 -122 -207 -118 -82 10 -148 44 -156 -24 27]
[-23 -99 256 -174 -99 -7 2 143 170 92 154 47 105 52 121]
[-138 -174 -163 -73 -194 152 -287 101 96 262 127 -87 -2 -253 -90]
[79 65 88 -58 79 -179 68 143 -386 101 -157 137 -165 -202 -85]
[-78 -55 211 123 -30 100 -129 -98 -133 -100 -42 -157 -181 -1 56]
[11 21 84 23 91 127 -93 177 206 90 147 -195 -180 -115 -111]
[-367 -181 181 359 -217 32 38 20 -4 -157 13 -143 24 -168 -32]
[82 59 74 -25 -148 183 -107 -20 150 -7 274 11 66 6 -104]
[-106 103 -35 67 -25 -153 -270 -85 -51 164 -39 192 61 248 -4]
[-95 51 -53 -162 -1 107 17 296 237 -73 -59 -303 -113 -40 27]
[67 142 -93 -132 8 20 10 -162 -71 -58 18 -169 -4 -48 -19]
[53 -239 21 113 -31 -192 -86 3 6 -88 33 -434 -15 9 24]
[-130 109 -143 80 -12 98 -170 -100 64 -96 136 126 -43 -3 138]
[3 -19 193 77 -124 31 -90 208 -133 -154 -400 -296 -173 -107 -9]
[-309 47 -172 -63 213 0 79 -220 -140 -360 -62 -35 -90 -109 -9]
[4 112 214 80 25 219 21 -100 -208 133 -118 -273 -107 359 10]
[46 189 105 73 -23 -47 -59 177 73 -8 125 98 107 -82 269]
[-296 -32 125 157 -10 165 -42 -81 143 168 303 64 47 199 -205]
[22 -103 189 53 -7 140 92 82 109 24 -86 -145 152 67 -176]
[245 -53 21 -16 -36 27 -49 131 -183 117 -221 118 179 -177 -7]
[-234 -60 -103 -84 260 324 30 21 27 168 11 -183 311 -136 12]
[-2 45 -14 68 -13 290 -119 -126 -402 316 -94 56 167 66 9]
[54 -196 -107 140 159 6 -42 108 -341 53 19 402 -11 111 -32]
[124 117 32 86 8 45 108 -160 -1 2 -128 54 -46 24 -141]
[-120 -170 159 -200 235 -15 81 34 248 -65 -15 49 -139 106 83]
[14 -112 240 152 38 -153 35 169 -216 33 -179 128 59 -71 93]
[-68 -83 58 89 112 343 238 156 178 -46 -69 26 -136 -2 -6]
[47 54 91 -72 -45 130 110 99 -43 -29 -66 -72 0 58 42]
[-90 338 291 -115 123 23 117 165 403 -94 -286 -167 -36 114 3]
[51 87 -101 -73 -120 -120 -157 242 -118 58 -194 2 -93 -116 39]
[41 93 -72 -94 -215 119 -106 -62 -73 -85 41 149 -162 -155 -135]
[8 -18 49 67 146 69 165 -21 241 32 282 -50 68 -69 94]
[-46 -69 -14 -177 -71 -108 -92 -9 -206 -86 94 49 45 91 -224]
[-76 134 -94 -161 -303 -130 -87 107 -174 129 -85 -107 208 140 66]
[84 -150 -113 -165 61 -46 -8 -155 55 -45 -129 128 -330 68 -36]
[93 57 43 -53 -84 -84 40 136 -3 -110 -20 -148 -231 -72 84]
[-47 -368 -194 184 152 -160 196 303 -60 -89 -191 131 9 -18 -70]
[285 30 -19 -95 191 59 114 -166 138 -163 237 -54 126 -94 163]
[-20 -195 295 161 173 354 -117 3 16 -97 -90 363 133 -1 -85]
[-49 119 108 164 53 81 -47 -167 -81 30 72 70 -102 57 198]
[217 180 -48 -81 73 -86 18 -70 -34 -220 177 -53 45 93 85]
[-240 -98 -29 177 111 35 40 -55 -93 169 49 -38 -47 -187 -85]
[-127 -83 -172 28 112 170 74 11 128 206 -107 154 67 213 -88]
[30 -23 -29 2 37 -43 -53 -20 -36 62 -28 23 18 134 46]
[391 109 12 202 97 -360 -264 -136 -79 -132 -119 -72 -23 101 50]
[58 92 152 129 170 133 174 28 185 -9 -42 61 35 -69 63]
[74 -130 14 58 167 105 32 248 -138 137 88 179 -110 -45 17]
[-93 -76 64 -40 -153 288 -177 10 44 343 8 124 -182 -47 149]
[-8 -103 -154 -127 103 -97 -138 -177 -111 -123 -98 26 -93 -3 -307]
[-208 -323 -267 -80 152 96 138 105 -242 -97 138 343 127 201 -9]
[64 273 215 103 6 42 -21 -89 -120 -97 -114 -225 -55 200 -34]
[-172 299 -118 129 152 83 53 -30 210 -149 133 -180 150 -264 20]
[77 59 -123 53 -169 270 39 -245 187 -84 -122 249 -80 135 32]
[-40 80 -126 48 121 133 19 98 -258 -78 -99 -62 -243 104 -46]
[-8 106 239 189 208 133 26 -198 -119 -134 12 252 106 -40 19]
[198 230 56 5 247 6 -71 77 -8 129 -2 215 -76 34 8]
[-150 -60 48 6 -128 43 361 84 122 46 102 50 -165 -23 -22]
[0 34 140 -2 122 137 184 99 31 -102 -102 -140 -60 -173 67]
[-82 71 274 -64 -57 -123 144 58 -318 199 -91 -113 112 180 33]
[-229 80 41 -5 -30 73 -124 -14 -271 -209 -34 122 -59 -177 -5]
[-55 32 45 164 -75 -140 -70 73 84 104 28 88 -40 74 -68]
[-25 -334 -132 -109 -362 94 -15 466 -19 19 -22 93 -169 103 -27]
[123 63 -76 -65 101 13 131 -86 -212 44 -1 -114 -121 201 -21]
[217 -197 50 94 -427 -13 -296 -76 56 6 116 -145 -76 -90 -4]
[-30 -99 72 229 -132 -498 -10 84 31 -122 35 163 305 159 -37]
[-40 205 289 -39 4 -128 -186 -137 119 -151 69 -150 -273 -1 39]
[-1 102 55 148 7 29 128 49 28 -45 42 193 300 162 110]
[76 -100 -32 151 -124 107 105 219 81 -48 -28 -38 -12 -116 -54]
[-19 62 8 -71 -192 -159 -12 -32 -42 238 -22 151 75 180 50]
[-13 110 17 -112 -139 79 53 18 67 144 -144 130 -97 253 233]
[-106 -215 -94 -282 -152 152 256 103 -419 -93 -316 -393 -264 17 44]
[108 -80 24 247 -158 -72 15 -263 18 53 -254 22 64 129 42]
[43 -87 -17 -207 217 143 -239 105 -118 128 14 65 -80 194 -79]
[114 82 268 -280 -39 -229 -159 110 -153 73 -80 -166 -117 -51 -113]
[-62 -169 -49 -9 -189 49 -47 -64 29 22 291 108 -33 52 53]
[-226 -90 -218 -205 124 95 94 -176 -266 -29 -69 36 50 34 20]
[29 -1 58 64 19 148 114 118 47 -32 -15 32 82 137 150]
[8 120 -94 2 -377 -17 -212 94 -36 353 -167 161 -228 -89 -36]
[-48 -171 -59 84 46 108 -28 42 -25 7 -16 50 127 -149 -70]
[-111 -172 75 -94 -47 -103 216 -26 34 -72 136 -126 -158 74 -23]
[60 16 -44 -61 -68 157 125 158 129 -74 119 33 -72 108 64]
[27 211 120 -183 -130 -152 77 122 -72 127 111 -54 111 -174 19]
[0 155 -45 127 -143 49 -9 113 62 29 -36 -10 258 -69 139]
[-69 15 43 35 93 155 194 60 101 -95 62 52 -105 -74 -115]
[-99 45 75 1 -103 160 277 176 246 70 9 74 65 -138 -70]
[-135 180 -60 -3 -124 -22 141 200 -210 243 241 -11 64 -152 -113]
[-186 -123 -100 67 -129 3 51 144 111 95 -11 101 125 -15 98]
[2 -142 -167 -319 -142 -68 133 41 -21 4 44 -138 -262 71 -137]
[220 220 -39 298 97 -21 23 -160 -28 -99 62 47 -51 53 -129]
[14 0 223 -7 -170 133 155 -146 -231 -111 4 79 113 120 45]
[-134 114 103 -78 -85 -162 123 247 -45 -75 -326 -100 67 188 -100]
[117 -77 -31 224 166 61 204 -142 198 -63 -151 246 -141 130 -27]
[-12 141 -244 -34 48 -72 -321 172 124 157 25 -293 -92 155 67]
[13 -181 -162 -183 -228 -52 24 -23 -25 -40 -141 -298 -4 -157 -19]
[59 -101 -29 -47 0 -44 -66 -43 -54 -88 -128 43 -208 62 -108]
[-87 -219 -232 -35 -41 -135 -75 -133 136 187 124 68 -121 62 148]
[-174 -133 262 86 60 93 -155 -170 16 84 -235 88 -213 -167 -48]
[126 57 -27 15 393 386 23 68 235 107 -73 -74 -152 -17 -72]
[136 -23 -85 -27 -338 82 -45 42 -147 127 -239 48 -138 160 -232]
[-143 -139 -6 6 -79 93 102 196 136 196 252 324 264 88 -6]
[-113 -81 -315 -140 -165 -129 -236 -165 -238 1 -8 162 11 297 -17]
[20 127 133 -262 248 131 185 123 -214 -47 47 -71 62 -222 80]
[-112 -180 50 155 51 20 100 188 56 -17 167 -180 38 109 100]
[-140 -101 -135 -111 -53 3 -73 101 -131 86 92 290 154 125 12]
[-174 -325 151 -102 167 196 235 -180 350 105 -51 -160 -443 -302 5]
[-99 -107 -80 133 376 126 44 -25 -122 55 228 371 313 5 12]
[84 -57 140 -93 31 -19 49 101 99 23 69 17 -71 124 -81]
[21 95 0 -149 48 74 -102 135 256 122 -21 -27 -74 54 -91]
[-8 -272 -362 157 299 -155 -19 -5 89 66 186 143 -216 -145 31]
[31 134 -127 -172 129 -108 -33 -405 15 101 -18 -146 66 -29 6]
[-39 -195 -84 -36 -217 -119 -49 -50 80 93 -11 47 7 27 24]
[1 138 -526 -204 239 -98 -228 254 -50 227 210 27 -382 -130 42]
[-42 -101 -113 -113 -293 -356 -212 -147 86 -119 11 72 -7 144 -54]
[235 -5 298 -21 210 -50 341 -2 -26 53 -326 -89 -271 260 -174]
[-15 -87 120 -137 7 39 -78 -50 -214 43 -64 -133 3 -40 -195]
[-70 164 91 -15 3 -266 91 -270 -228 -218 -124 -178 -360 -80 -25]
[25 63 -125 -17 180 160 -69 -125 -90 -4 31 112 98 160 68]
[138 222 131 115 -124 -229 -169 -21 -49 -52 -94 76 -34 -10 19]
[273 19 -117 -202 29 185 -34 263 51 -12 71 -83 210 151 -7]
[32 -85 35 -59 -294 -154 -98 -176 -116 9 -44 -216 -194 -32 -84]
[-252 -56 -24 193 -60 183 -203 -76 149 178 224 150 308 -356 19]
[-475 -213 44 -25 -9 -171 -25 -111 286 1 131 9 9 41 146]
[-112 101 14 112 168 302 344 164 38 2 -80 211 -70 -49 21]
[-191 -28 -555 101 -223 25 -5 97 -127 -228 -30 -18 56 15 -39]
[-240 -135 -59 -212 352 216 13 -38 -36 -59 267 200 138 -98 -5]
[-130 -99 -290 -123 -268 15 -34 36 134 52 -124 18 -34 -159 -7]
[136 -132 132 14 43 177 -4 -14 -218 45 240 262 166 132 5]
[-42 -168 -124 -75 -41 62 59 -34 -101 -144 -6 50 115 145 133]
[17 -143 13 -69 -57 -189 106 -51 97 -32 20 138 189 169 130]
[-56 -350 -305 -166 62 187 244 87 -33 47 232 166 40 0 -11]
[380 104 85 275 160 332 194 -146 111 17 77 221 143 -77 -7]
[0 238 139 -35 -97 66 282 82 -18 211 188 -87 132 -231 -13]
[-16 21 132 -162 -292 -41 -17 -235 -172 -206 -184 264 -100 73 86]
[284 25 51 51 -37 -42 -98 -207 -290 -174 -250 -162 129 -115 34]
[-70 -183 -67 63 86 145 238 -57 66 72 109 -78 112 236 -15]
[54 -385 30 -325 104 68 -105 -209 -154 -238 -203 -163 47 34 -168]
[8 -51 -53 -195 -25 -34 -6 -126 -297 -9 -174 -121 -140 101 117]
[67 36 70 -97 -68 235 84 158 40 90 135 -108 5 100 23]
[-128 -107 286 -355 -195 17 160 -111 228 110 -81 13 126 -55 -116]
[16 194 -30 239 -1 222 5 11 5 37 69 106 20 131 -198]
[-100 126 -4 -193 101 4 -53 24 -153 -225 103 -172 -93 42 -218]
[-10 -52 -77 51 135 48 3 27 91 -8 -189 -83 -302 28 130]
[-29 -182 83 -257 -186 -7 -202 -45 157 76 -95 -58 -112 -14 -59]
[71 -6 -81 -56 -51 -50 88 32 42 101 81 83 -17 -49 38]
[62 9 57 -136 46 139 169 326 237 -82 171 -82 347 -39 1]
[-6 87 -91 -116 180 12 376 37 107 64 117 199 115 -93 107]
[34 53 -35 97 -188 224 -126 -6 2 152 86 76 -75 -177 182]
[-152 -326 80 -181 -160 106 98 29 -46 296 209 -85 -4 -24 -172]
[228 201 89 -45 -163 127 -35 -72 -17 -159 -12 -54 -86 -133 -54]
[30 20 45 80 242 345 -56 -191 -19 -260 -203 -44 -124 -280 35]
[-3 -59 -105 -65 53 -63 -200 59 -94 -161 -115 -77 -28 71 85]
[-236 158 9 -17 38 65 132 -63 -150 -98 -258 -21 -94 -30 5]
[-42 -97 17 -46 134 -14 198 -133 -497 8 -40 -225 -285 -224 11]
[105 -90 176 -157 21 161 193 -212 149 14 103 -195 -4 10 -177]
[158 -215 -86 -142 21 72 42 -85 35 -31 124 32 214 -156 -2]
[-1 -316 -220 134 -77 -394 34 216 50 144 187 34 72 -33 35]
[43 239 138 -144 -114 -89 -118 28 179 78 37 -41 -107 -46 2]
[313 -232 220 91 115 97 180 71 20 283 -50 -34 414 -285 -10]
[166 173 28 165 -127 -16 75 -54 -64 106 30 308 74 237 1]
[81 115 -118 -383 -268 0 91 -117 -156 -91 -8 -78 24 -198 -124]
[-286 -4 229 -46 168 96 142 8 -95 -14 134 -94 -181 174 140]
[-67 51 -152 77 1 -164 24 147 -29 76 -51 112 34 -14 50]
[-46 -26 1 4 39 -32 -89 127 89 -149 -103 -4 -9 -114 -91]
[142 26 -67 176 45 195 -96 59 -142 -95 -72 150 300 218 40]
[111 50 -203 -47 3 -84 -9 -232 -57 -34 252 31 21 57 -162]
[-14 -26 347 181 69 -33 38 119 -363 -62 -118 -8 83 -157 4]
[-12 -1 -196 -155 3 -208 186 175 234 238 -179 115 21 72 -44]
[100 -146 112 277 162 -85 109 162 -47 75 200 -107 193 24 -100]
[-8 -24 103 115 205 109 -1 -90 -149 -182 -41 99 145 -4 -55]
[150 87 20 97 -11 -64 -105 -89 132 32 -103 -165 31 174 38]
[21 57 46 -5 2 -22 4 188 -121 -268 -52 -168 -237 -137 -95]
[7 19 -121 -164 -114 145 -64 125 116 -26 -21 228 -174 27 104]
[69 -33 0 -197 105 111 -33 -195 43 -224 36 -261 -56 -150 -48]
[164 2 56 -95 -23 -44 106 128 25 -8 -185 141 175 61 34]
[-21 -40 62 -52 138 -10 141 -16 88 125 77 12 161 101 -19]
[-19 20 67 272 -113 154 16 34 -2 236 -44 -53 110 -33 49]
[142 45 5 46 405 -53 -210 -141 -133 66 -100 -8 -134 199 -92]
[-15 37 39 -4 18 6 -111 -73 187 278 200 167 209 281 90]
[93 97 127 136 246 -43 24 -83 119 -105 -142 8 164 180 96]
[68 -121 1 47 -21 243 106 -50 -17 -128 -164 36 49 16 167]
[-378 72 208 -95 37 190 -25 -140 342 -57 -210 -414 -14 -137 -5]
[-24 -15 -48 188 48 34 42 168 -142 -321 -33 241 161 -122 -21]
[-65 144 -232 95 170 139 -285 16 -266 -73 -65 44 107 -249 -100]
[-55 -110 213 231 372 423 177 147 -48 -67 -45 155 53 57 7]
[-64 192 14 -20 -91 -65 105 -45 35 145 156 -27 184 -115 140]
[-164 -169 -28 10 20 97 277 -42 -208 -4 110 -52 -259 271 43]
[146 81 103 9 196 -41 -3 275 158 -29 201 -56 -92 285 -96]
[25 -57 -44 97 -34 -122 -91 339 119 138 98 95 -137 133 63]
[122 28 -226 -34 -107 -6 -111 109 24 3 214 190 -14 -58 -289]
[73 -79 -75 21 -138 231 -25 -289 -102 100 27 85 -144 -65 108]
[50 174 -246 -83 -95 -231 -110 -80 -283 75 -76 -240 175 57 200]
[88 181 349 309 -93 -34 -90 323 -72 -291 272 -162 124 70 3]
[110 31 16 -38 -61 -232 -3 201 158 -35 9 94 318 137 -4]
[28 -76 -153 -201 124 -154 9 54 -122 31 128 27 -63 -86 -163]
[-131 88 104 -19 -154 -113 106 167 -165 -94 123 80 -30 -88 -121]
[132 118 -197 -78 230 32 -195 -129 -111 6 -45 -290 -8 141 13]
[-200 138 66 18 209 52 -117 -139 -33 -146 11 -243 -81 3 52]
[287 -239 -22 -409 212 69 -187 -80 30 -86 140 -43 -40 43 3]
[20 -35 170 314 -160 -247 -130 -110 -105 122 -271 -141 -217 -172 3]
[33 104 -173 -1 -22 -15 175 -25 79 -65 -83 134 -86 33 109]
[-39 26 293 30 126 111 79 107 -21 99 -53 57 34 -44 39]
[4 12 197 -82 75 239 200 291 279 118 150 183 -134 26 65]
[-160 -174 -270 -109 -205 -232 -91 15 -118 -91 39 -113 -181 -168 13]
[190 -50 -170 33 -91 -25 321 -15 -98 -270 121 31 164 -54 78]
[-165 107 66 229 -123 115 152 -57 46 -271 -264 -180 -42 86 47]
[-195 267 -84 -21 65 73 96 -145 120 -136 -24 60 355 -198 3]
[-214 -234 90 -61 -88 -104 -13 278 -126 -236 76 48 -59 54 15]
[-82 2 -142 10 -91 -260 129 -36 -114 151 316 -59 61 30 -108]
[91 -68 10 15 -98 -214 -1 -130 121 239 -57 -121 237 -43 247]
[-143 54 -134 -208 -225 -104 -176 -130 -68 -11 -36 25 185 309 31]
[-18 44 28 73 44 10 57 -9 67 -97 -49 67 -18 -152 -36]
[75 34 28 253 95 38 255 23 -48 24 134 260 -136 -229 -119]
[-43 43 -33 40 72 -123 -5 150 -123 41 162 -80 -19 -43 104]
[-229 -99 257 12 -26 -362 251 -428 -29 145 -195 -107 167 10 -153]
[-151 -77 -279 -85 88 161 313 61 220 117 88 -30 249 -12 -53]
[-1 -21 -62 -282 141 -32 -16 -107 120 -20 -26 -97 109 100 30]
[-162 -193 -112 29 230 88 174 152 154 349 -90 12 -110 272 -146]
[90 -57 110 -61 -77 68 -178 -157 -154 -202 -96 -212 164 -112 376]
[-79 96 -109 123 74 263 188 172 267 145 -134 103 -12 88 -4]
[-51 -4 -166 129 103 214 86 98 172 -217 52 169 16 -39 -106]
[423 167 190 111 220 158 -176 108 -32 -275 -108 45 -12 -11 -19]
[85 -133 -11 121 -155 251 -16 -22 72 -7 569 39 -2 241 9]
[-314 101 -280 39 -31 7 270 -85 -200 78 274 -134 218 49 147]
[-9 57 -59 -28 -3 15 4 236 297 136 -55 5 80 39 11]
[136 -17 295 -133 -340 -73 -256 146 1 307 43 -105 4 -86 1]
[-73 121 -93 -268 -110 -97 -40 18 -82 241 229 -84 -349 -230 -27]
[215 6 -308 133 88 178 300 58 -117 111 175 -22 148 271 -110]
[186 119 52 104 -111 -129 198 -168 -81 15 -100 153 174 215 -76]
[74 30 56 76 60 -48 256 -89 -216 -94 -325 -344 139 -69 298]
[97 -174 -188 37 -57 -326 -256 109 115 -222 250 -73 54 100 197]
[-244 32 42 4 286 43 -78 77 -73 269 210 306 34 476 8]
[-154 -189 167 -140 -34 21 170 54 76 -12 -25 -100 -14 10 121]
[-236 -210 -231 -202 35 -16 -38 -69 12 -73 33 192 198 35 -172]
[-48 24 134 -61 81 126 82 -38 88 114 46 107 98 206 30]
[92 173 213 125 215 81 198 -7 18 -157 -134 48 -322 18 -61]
[-12 -72 -173 -242 -85 115 8 -199 -187 -41 -43 -85 101 71 -55]
[59 328 263 -50 265 239 -91 -14 -5 -130 -332 -165 7 -94 6]
[-22 256 -236 -94 -151 -256 -162 -147 -164 217 -315 75 74 177 -215]
[295 126 102 257 -64 -93 -76 -137 -146 -301 -282 -196 5 81 -44]
[188 53 16 -104 -142 -84 -8 -114 625 -160 201 -2 -68 -29 4]
[-89 -107 113 -88 -164 -320 31 -9 81 254 264 -34 103 -203 15]
[-74 -275 -69 -1 139 2 66 -219 72 391 -311 -279 -5 -251 78]
[19 194 87 55 120 312 111 107 -107 265 133 70 64 -82 -2]
[52 -103 -113 -166 2 265 9 118 180 288 -192 52 -50 58 -131]
[12 -126 -94 -305 -6 102 75 -33 -2 -109 -1 41 133 100 84]
[190 136 -39 -1 -155 105 -103 -37 -210 -119 -68 12 12 -38 -118]
[-62 -68 -93 -173 -248 -11 19 70 6 266 123 53 -23 -105 186]
[132 -62 -57 -154 -240 121 -6 -2 70 4 -105 -11 89 -483 -24]
[-70 121 202 93 -61 99 72 -148 -42 -10 -145 -109 -258 -316 58]
[-21 43 -99 131 25 30 -6 -95 -206 70 -217 -65 49 -54 124]
[48 -203 -258 -83 -183 -215 -248 127 141 211 125 -97 -51 90 -91]
[-14 70 83 -17 3 -144 -36 -118 84 -5 -190 -171 80 283 -68]
[-240 -265 -313 -205 32 -17 -178 150 -268 248 123 -126 -203 100 34]
[109 -12 -24 -12 -33 96 -52 -258 186 -128 36 367 -27 -110 -291]
[151 171 -169 -51 -92 -93 -104 -61 -313 -169 7 -90 -289 -70 54]
[-50 -200 -128 -154 -40 -107 58 93 -24 -192 -63 -59 -78 -73 10]
[323 133 248 170 -30 271 -48 121 133 14 96 -55 -286 -147 12]
[229 -116 -145 224 -230 16 242 168 294 -36 339 -172 129 -65 -19]
[191 63 -81 -145 -176 -300 -276 -90 -111 -137 103 116 150 135 108]
[156 16 162 -55 -24 99 -110 -133 133 -107 231 149 84 138 58]
[-25 -46 -122 -62 -8 113 67 79 161 220 81 161 93 3 -76]
[-193 -243 -63 -74 -51 10 135 -134 32 140 72 318 148 -28 -61]
[-13 -51 86 18 125 -90 22 169 24 -81 -95 -100 -231 -95 57]
[-9 -118 -17 54 147 18 -31 -88 -22 -8 -129 -158 -103 27 1]
[-85 239 -103 -334 -213 -34 306 27 -40 -59 53 217 -3 28 -37]
[-23 -48 -158 20 -17 -130 -62 -118 182 -92 -143 -102 -65 -12 15]
[-101 93 23 82 149 77 113 98 108 13 11 -30 -63 -156 -254]
[108 21 -104 -12 -145 -84 -65 -175 -61 83 75 -167 -89 14 -53]
[-275 -23 -337 -137 -315 -205 182 41 109 -79 15 -406 362 116 1]
[-19 80 257 -146 -156 -26 -163 183 49 -4 -130 71 -128 21 -125]
[38 43 -174 149 -1 -38 71 -65 -81 116 127 96 184 -36 112]
[-120 27 -188 -317 -238 -89 -9 -118 -94 333 89 71 104 -45 -101]
[8 19 144 131 -166 -13 -113 64 -199 -76 104 157 -16 -67 -69]
[282 89 15 54 -93 -88 -113 -42 106 -146 17 -29 41 -87 35]
[110 -143 -89 10 -126 53 10 -129 43 175 20 11 -135 34 -93]
[-168 32 -229 175 177 11 -10 71 -139 -196 -36 132 171 -319 33]
[69 202 0 -108 6 -58 -153 -218 -63 -77 42 -22 -153 15 15]
[122 36 20 67 -80 -192 -41 59 -80 47 28 -122 -137 -97 -53]
[239 231 75 181 -12 -206 -252 -155 -265 -71 -18 170 141 169 235]
[65 148 -12 91 33 -39 42 -188 103 -132 18 8 -125 -57 -73]
[155 65 69 -44 -39 147 -58 -309 -26 104 49 -180 -152 -169 -18]
[118 -132 1 -216 -78 110 -52 36 264 141 13 -52 19 374 18]
[49 0 -11 65 64 134 108 -99 -305 -308 -271 -228 -387 -83 4]
[-38 -239 108 -244 -62 75 -232 -36 -89 119 -56 -12 304 278 43]
[-30 -61 -85 -206 107 -299 -201 -207 -166 -12 53 -115 210 -41 171]
[110 -136 -2 3 75 47 -317 102 -135 -136 -108 134 -291 88 1]
[70 4 -180 -12 16 229 120 45 137 19 177 48 -10 -124 60]
[-30 39 159 149 179 58 -85 -49 43 68 16 -182 -70 -34 70]
[-6 29 -105 -17 25 83 204 5 292 -123 -30 -70 169 203 93]
[-187 -35 -189 -153 55 -207 -223 -78 38 100 111 -124 57 -240 -45]
[306 -128 -3 -53 -350 -478 -37 -112 -102 213 245 74 273 -133 -7]
[94 25 -83 46 -61 -37 -147 -72 111 82 -177 -231 -71 -40 -78]
[-189 64 155 173 -1 3 -317 -385 -12 -82 151 222 -152 -25 45]
[-217 -269 49 311 45 -44 -159 164 45 10 121 117 -175 -148 319]
[-145 158 353 217 148 312 188 35 256 321 252 -28 -199 -43 -3]
[-80 -100 92 20 -1 96 164 200 198 -212 305 82 45 -77 -4]
[-51 -308 9 -180 109 -107 -42 11 193 149 125 129 123 83 1]
[-164 -60 -72 -146 -238 -104 35 -152 112 74 -16 238 -394 -63 -49]
[15 43 -119 -86 88 150 196 262 420 151 149 220 20 136 -79]
[-189 23 -186 143 -87 -76 -195 161 -74 -94 -151 78 266 343 -29]
[155 157 -4 -34 34 57 408 398 94 -152 93 -144 79 -145 -26]
[30 -278 152 -50 -70 -16 -96 -156 -207 333 126 -129 64 -193 1]
[149 -55 72 304 310 176 161 190 -181 104 309 251 152 81 -5]
[-33 428 154 -47 -110 161 44 136 -109 -129 21 -374 69 -150 58]
[-38 113 207 37 176 40 -24 168 65 -60 77 -1 -42 -147 -135]
[-174 -249 -32 8 -48 -127 107 -27 -314 -280 -396 -179 -21 -127 48]
[26 -54 -9 -323 -339 24 10 -37 12 -107 218 -89 -243 113 -156]
[-18 9 -102 -52 -141 33 -45 -7 -66 81 -24 128 27 28 51]
[-52 53 120 312 198 -92 -154 -16 326 72 38 25 103 165 -150]
[-15 131 180 158 -17 149 -34 -336 106 20 -70 107 213 302 59]
[-149 -177 -86 -86 -2 8 114 172 338 122 83 240 114 156 4]
[-3 102 206 149 40 -42 73 69 168 85 31 -4 84 213 257]
[8 72 34 291 55 -164 -8 -31 -49 -331 88 -22 -120 -104 -25]
[-131 -262 41 -142 -52 -32 36 210 57 -14 302 -80 176 -18 -11]
[167 -5 349 -115 -286 20 -24 154 292 116 -242 -390 -69 -273 3]
[-16 90 -241 -200 -192 -151 -197 -331 -225 -151 -179 -145 90 -68 5]
[-496 -132 -438 47 36 73 327 -200 -67 275 -65 181 277 -28 -10]
[1 125 110 -125 -173 177 -154 150 -119 -196 -126 -81 -143 179 -50]
[-150 -239 -91 197 -15 -50 -46 47 -29 96 68 -2 198 -91 -309]
[137 -56 217 228 77 59 56 30 114 -86 -15 -152 44 -96 60]
[-2 -131 138 37 31 34 18 55 82 233 -77 -261 -43 155 16]
[76 -156 -93 -49 -49 62 197 -207 35 52 -89 38 79 -70 -97]
[97 -9 -15 21 36 -59 -99 -125 -66 148 -100 53 90 -272 37]
[-91 -31 53 13 1 12 -15 8 -27 -189 -281 -271 -166 142 88]
[245 56 -41 -158 -147 -286 -43 -70 -13 -274 -239 -118 -34 36 56]
[-297 -213 85 -264 2 78 40 -50 338 305 -103 -54 100 -54 -88]
[85 154 143 156 -55 -76 24 -8 -276 -387 -110 -37 -273 124 -8]
[-87 97 -188 -190 215 -128 -49 220 1 255 243 120 250 -155 -137]
[304 -66 255 108 79 112 -90 138 167 62 204 130 22 33 9]
[-76 -198 31 177 93 238 283 311 189 124 153 229 164 -86 -13]
[348 282 60 115 161 82 161 45 257 338 83 37 196 -17 -41]
[68 -225 -51 -125 178 265 -123 27 143 78 66 107 196 25 65]
[69 -23 139 83 -115 99 -139 7 -335 -159 -127 -120 -35 -153 -66]
[-245 156 -277 -14 -43 27 45 -125 -16 253 145 -144 -122 -36 81]
[-119 113 70 -4 130 11 -151 -68 180 104 139 100 -73 -2 -73]
[203 281 182 -14 174 188 49 255 185 306 99 133 82 171 -11]
[188 -183 -181 64 159 77 -120 16 255 -188 -186 -138 106 -16 33]
[-149 -93 -154 -358 -159 28 -294 -203 -267 -73 -91 -268 93 -220 75]
[153 68 252 166 72 27 26 111 262 291 118 268 -115 86 -9]
[5 40 7 109 172 51 176 32 25 123 -113 131 8 -46 182]
[-78 -311 -99 128 -86 -278 -469 -322 -75 -129 -2 -120 86 123 23]
[0 -22 130 23 -126 36 -140 58 57 -57 200 -47 -193 183 -25]
[-68 198 56 311 -19 -288 -205 -167 56 -147 67 -157 -327 -21 -48]
[-161 -133 -255 -36 -81 16 -156 -220 -333 -173 -47 -202 -27 -236 1]
[-248 1 7 -40 -31 -183 -175 -275 -138 -125 2 235 -231 -357 55]
[144 -262 90 -110 -40 12 182 -140 82 -224 76 -10 157 -31 -65]
[-26 44 120 187 281 -30 103 21 162 72 72 90 -82 -145 -26]
[-113 -39 -52 -44 -135 45 -73 -158 -264 -221 -232 -156 -169 -13 -47]
[168 10 -41 -136 -62 -21 16 -35 -102 21 54 -421 -16 -207 -127]
[-280 -77 -202 -88 -14 -72 345 20 -38 89 159 273 202 -164 3]
[-54 -189 -64 -69 -119 -140 -156 -100 -1 22 62 120 157 57 153]
[-107 -42 52 -70 171 -171 -25 -7 187 63 -2 -138 224 -119 -143]
[-13 -65 -66 -26 -106 -165 -51 -83 -33 -109 -102 -54 -62 -62 -57]
[51 41 10 -20 -113 159 8 31 -139 157 -52 -122 182 -47 -94]
[86 -88 -117 106 -112 153 1 -73 -80 -84 -40 17 114 -85 12]
[96 122 63 -261 -91 80 27 210 105 -34 -9 -75 124 -130 -95]
[239 -189 183 -115 184 -10 199 -126 378 26 280 -83 138 102 8]
[-30 -165 -69 -163 -268 -176 -70 -96 -108 -43 -54 -95 -185 -88 -23]
[-82 177 80 9 265 -14 -102 -150 105 10 -44 54 132 155 27]
[-70 139 -145 -172 -134 -36 -185 -173 45 -142 -125 25 66 163 -57]
[221 11 -180 -101 -132 -70 -70 3 110 257 -228 -183 144 135 -81]
[236 -171 138 -82 -230 -16 188 179 51 -99 2 7 -103 107 119]
[36 99 57 21 304 141 -70 76 189 77 192 -40 -130 -207 155]
[130 -104 120 10 -100 172 353 -403 -258 232 -114 -73 -255 58 -4]
[-17 41 366 31 -24 99 -6 53 -77 -16 9 26 -26 131 116]
[68 270 -41 135 -30 137 -16 -38 -132 -61 -220 -26 -210 -91 -69]
[-90 19 -130 47 -104 -31 115 -101 -64 -17 -45 12 -87 139 90]
[286 150 21 142 260 113 -162 176 465 340 -142 -51 -85 164 -22]
[-133 125 66 -64 97 -78 -78 143 -24 53 3 -185 55 -60 27]
[103 30 -302 -195 -243 -100 -38 -111 66 -34 102 -54 5 127 -55]
[30 224 232 48 102 -86 142 118 -151 36 -145 -230 -244 -59 -9]
[18 -107 43 -80 217 80 54 7 135 -188 10 132 -120 -205 31]
[263 -154 271 72 -72 4 -108 32 91 -16 -30 -30 -33 44 -22]
[160 98 58 65 -16 117 97 171 -12 107 128 110 156 64 -40]
[245 -53 -123 108 -125 70 19 33 128 3 -72 145 -71 -60 58]
[-73 -20 -81 -185 -338 -33 5 -53 87 282 180 124 -180 -147 8]
[-36 105 14 149 114 16 -139 46 -143 -258 142 -271 -307 7 -93]
[-61 8 76 41 133 -121 91 -128 61 -163 107 50 -33 98 -4]
[-112 -70 115 -6 -114 125 60 26 108 44 -63 44 -56 15 -34]
[68 -244 239 -38 98 -126 76 20 -154 205 230 291 -65 -51 -45]
[-33 -30 19 -113 -328 -319 25 -71 -28 -138 60 217 19 -193 -191]
[-189 -349 -155 187 73 -106 -135 -122 224 367 137 33 -112 -115 -40]
[179 54 2 32 12 15 115 204 137 258 -4 38 -143 -132 58]
[-62 -184 -135 214 137 -158 -25 -55 -115 8 289 -162 -18 -104 27]
[167 116 257 84 46 129 167 -128 216 97 50 -177 222 -25 -53]
[-196 109 -22 212 370 155 210 -94 -289 -400 26 -393 59 -26 28]
[-78 -91 -15 92 280 149 42 210 336 145 -40 45 -26 -78 -228]
[-356 42 13 -190 -115 -69 211 -16 143 -87 15 107 -72 48 84]
[30 59 17 19 -44 -158 -101 -161 -51 -222 -175 -30 -105 90 -37]
[-34 188 -234 -26 -40 -12 -40 -90 14 24 5 -31 2 -13 -73]
[-24 52 180 -62 255 135 158 183 32 -59 2 -30 125 -53 35]
[280 78 317 83 -2 -109 -213 -76 -5 -172 82 -122 -43 -74 127]
[-86 -205 -146 -55 46 -67 -62 39 -54 -125 -14 -15 84 188 216]
[-179 -284 -220 -135 -24 -1 -65 -37 -22 -38 92 -3 113 -39 -66]
[-195 -76 52 87 188 -182 19 -138 -32 -97 -76 103 8 -433 34]
[33 14 -100 95 71 10 76 -103 -121 75 10 150 -76 -62 -27]
[126 86 149 280 82 179 175 144 128 134 14 244 25 28 2]
[215 109 -29 176 -114 104 97 100 -150 120 45 -71 -68 -64 112]
[-178 90 -171 -130 19 -6 30 30 -100 -119 175 163 12 186 -62]
[151 71 98 83 -147 -54 119 -12 25 -37 -71 -79 75 149 88]
[-165 -163 -298 -67 -309 -103 81 201 213 46 225 87 -10 135 193]
[-71 173 -119 142 204 -40 100 -129 211 -45 -170 -194 -152 -191 -37]
[-333 -302 -314 -92 -188 113 189 -14 -51 293 374 331 -83 -101 6]
[74 -57 210 -276 315 -182 216 -314 132 48 -33 -119 20 -31 199]
[285 -113 111 -283 255 -206 237 -368 -212 79 -240 -126 -211 363 -52]
[-99 -44 -248 125 -153 27 19 -83 52 126 12 -13 -134 70 -124]
[-24 -204 20 62 -104 225 184 227 287 -54 176 58 -121 110 161]
[-295 -303 -251 -68 84 72 -131 7 -243 -62 155 -34 261 21 16]
[186 -40 36 -19 -264 -86 -34 47 169 101 -100 -172 22 287 44]
[-74 72 -95 -15 56 156 115 -55 -154 -89 -36 56 38 53 27]
[68 -148 33 -69 61 -43 -110 -102 -89 -137 -131 -234 -228 -403 -192]
[103 170 -29 397 -127 -54 -301 -77 -149 -267 -33 -442 -103 3 -122]
[-170 -93 -232 -189 -100 -161 -29 -9 42 -31 215 106 -68 162 144]
[-62 45 12 -149 -222 40 58 -48 -90 109 72 -18 189 200 -15]
[-218 -363 187 49 -57 -16 -126 -74 158 153 -61 25 38 26 -224]
[74 172 304 36 -28 7 -248 -130 -138 35 173 20 213 115 175]
[-76 -265 98 -252 -226 -5 -21 -57 -224 129 -40 -207 29 26 -15]
[38 77 -151 50 -88 18 181 40 -24 200 213 149 203 212 43]
[310 3 245 -2 -23 -13 -155 301 -192 -158 196 -56 -89 309 17]
[-62 -281 19 161 84 72 23 -51 -127 175 -191 -265 -224 -68 7]
[-3 -49 40 -23 -89 277 307 110 13 173 184 -102 26 134 -26]
[162 222 129 16 -100 169 -17 -80 -83 17 284 88 11 280 -65]
[61 -305 -210 -30 -227 -167 214 167 -20 -48 107 -158 53 106 -76]
[-43 299 -82 -124 -10 -318 91 -274 -136 -346 334 -50 171 -89 17]
[-89 -21 -136 30 166 -209 -63 -32 -270 -176 87 276 280 59 -34]
[-309 2 -121 -166 -392 -106 46 215 239 72 107 116 -58 -296 154]
[-256 263 -158 -176 -151 11 -68 -133 33 -16 6 -199 -68 42 -93]
[293 -101 -166 30 142 -224 -206 -278 -254 0 38 74 88 -99 23]
[-76 23 -104 183 -176 16 -100 -139 -125 -108 -195 -54 -159 13 75]
[-48 -288 -40 67 9 94 25 -99 60 -32 44 3 -144 133 -60]
[141 106 -24 -159 -31 -264 -142 -21 -1 -160 -122 -146 -43 115 -49]
[-124 -140 8 -229 -202 181 139 86 1 -429 -243 -84 17 -285]
[57 -253 103 -49 -336 -68 -182 -46 -33 -204 102 327 20 18 113]
[-188 65 187 -38 49 -53 192 176 277 59 85 119 -222 -96 1]
[-73 -102 6 185 74 -106 99 99 159 -160 -78 227 142 149 -136]
[79 305 77 237 197 21 242 280 -84 -320 62 145 -72 -183 6]
[137 85 39 -60 -107 -98 -340 -176 -56 -157 -133 27 20 147 80]
[176 -100 28 -137 63 -178 -247 100 237 269 -125 -166 -53 6 -91]
[-267 116 -142 127 -113 34 241 -434 147 382 -27 -82 -8 -214 -60]
[82 38 -16 49 183 51 -117 -69 -137 -223 -8 -61 50 179 -18]
[-40 1 12 199 118 -174 131 197 -59 217 20 139 -107 -71 138]
[108 -74 -253 -349 -49 103 89 -156 -348 -152 17 19 207 348 213]
[7 -284 -263 -165 -223 -207 50 -95 130 234 22 92 -4 -156 -23]
[144 112 18 -71 22 -109 218 131 268 -41 64 -232 -24 -157 46]
[66 59 -79 5 -150 12 -101 11 69 32 26 -96 -5 93 -84]
[22 -106 -178 -194 -222 88 -117 15 17 280 -54 36 15 -22 -113]
[52 -5 113 -187 106 -143 76 60 41 41 10 -173 -241 -275 7]
[91 49 -235 14 49 43 110 -51 21 -63 -68 124 -230 -48 128]
[51 -67 143 -144 271 -105 207 112 138 24 -46 82 67 161 29]
[-45 -200 140 18 144 466 -14 86 -218 79 59 220 18 112 -71]
[-54 -124 -305 -311 -412 -331 -475 -121 -119 144 -161 121 -194 -103 -112]
[-147 -22 211 83 114 14 -73 -118 -98 76 -129 -202 -160 9 -44]
[-38 122 -139 -248 40 127 41 -29 30 -33 -25 123 -54 48 111]
[-63 277 20 -37 232 -240 123 59 113 137 -283 77 -472 2 18]
[-356 15 -374 -10 -96 115 -164 -103 148 10 -26 49 20 43 -9]
[-69 9 153 -149 181 -225 -50 40 -33 -56 -276 363 168 -251 47]
[50 -117 -75 89 -35 -169 -156 -228 26 -34 30 159 217 20 14]
[-291 -144 149 127 -185 -104 -97 -2 -281 -201 -83 -43 -523 -370 12]
[34 113 105 -7 111 148 -23 22 93 185 90 19 109 -31 21]
[-13 -29 -15 77 25 125 168 157 50 38 77 123 125 70 4]
[35 1 103 -75 228 -39 84 66 -109 57 6 89 -47 10 -77]
[43 -197 -383 -145 -31 -6 -26 55 142 219 -97 -51 35 233 -43]
[54 135 105 -11 48 242 358 139 -34 37 104 -107 -160 24 -26]
[106 104 83 -97 21 97 15 95 250 131 197 222 35 -63 -16]
[19 -75 -11 78 -42 21 -32 -184 -124 -21 -106 -144 25 68 105]
[300 44 24 30 87 237 132 164 233 119 122 38 72 9 -160]
[57 135 -23 222 141 230 415 52 94 6 15 29 37 221 -39]
[-65 -53 -32 -43 -113 -109 -90 -15 88 -113 -66 -175 -213 -19 6]
[132 195 87 -12 -219 -69 38 38 -144 112 -66 -63 -190 -79 38]
[-98 -23 -323 -182 -83 84 105 89 188 1 -63 30 91 -58 72]
[-133 -46 -50 -239 -2 -2 -166 51 -112 -55 20 -94 -174 -125 -105]
[-77 -1 -46 25 21 23 65 123 54 51 80 75 87 -21 -112]
[239 -9 91 145 266 -66 273 -9 -46 87 -69 -87 83 15 153]
[27 -312 -2 -306 -194 224 -98 -186 154 5 -134 155 143 3 -92]
[-287 41 -178 -77 -13 -9 -206 -49 -45 -211 186 4 -43 42 -21]
[-109 13 162 190 208 -214 407 -84 28 -49 28 134 -138 -307 6]
[-275 -121 112 203 16 52 -55 91 -69 52 -71 46 -106 392 94]
[326 -183 -99 -152 -148 -13 119 145 -221 -188 35 28 -8 -143 6]
[-413 -186 130 -32 -233 169 177 -115 -246 -106 -318 -71 178 98 -84]
[34 -193 217 -475 -7 87 -132 96 87 206 -42 116 199 136 -29]
[83 -35 14 15 -131 -228 24 216 159 90 -9 190 -74 12 -236]
[111 -181 89 40 33 62 -116 179 -39 81 22 90 -55 209 27]
[-105 -42 -138 -175 46 -76 -16 170 -89 48 77 172 -57 -3 -74]
[-153 -258 -244 207 66 103 -310 16 122 -301 103 -41 202 74 169]
[-67 -13 282 237 13 -168 74 -33 -159 287 50 155 -23 -87 5]
[124 163 -80 -50 -231 -189 47 91 283 -106 49 96 178 129 -43]
[-71 -12 -29 165 -77 -343 -53 -31 -255 -322 -85 48 9 -32 56]
[-102 111 67 -106 -33 210 -9 -19 113 -104 -205 1 -21 -112 123]
[114 -98 -77 -20 -20 147 -37 19 -57 -136 43 94 -138 118 -36]
[79 163 197 -44 27 -157 -61 -79 66 -57 17 -63 -33 62 -160]
[137 73 -84 109 132 30 -17 -13 -60 41 -98 -100 -12 99 -152]
[74 173 198 120 185 238 -162 107 -76 -14 214 -16 -123 -293 -53]
[-49 -208 -52 120 -12 132 -12 41 -181 -84 -227 -169 27 -58 44]
[-153 204 4 -97 168 -60 -409 -256 -283 118 -141 -203 8 17 -9]
[-74 -122 -338 -168 -168 0 17 124 132 92 -176 -89 -10 160 183]
[168 -41 59 231 43 -125 -90 -27 -21 -154 58 -48 -142 -323 78]
[161 36 -106 69 76 74 84 65 48 164 -79 -70 109 101 -93]
[-22 149 -306 -60 -117 -80 -117 -220 171 169 -131 198 153 -50 -77]
[91 2 -5 -17 147 -39 43 -360 -70 -38 -126 -133 94 -151 110]
[-10 -156 -195 -68 -42 199 164 168 28 187 -92 24 207 155 -296]
[-32 102 88 -110 -18 -320 32 -129 -60 -12 -219 70 81 122 25]
[-8 -66 -22 -53 -87 103 222 280 291 -67 400 -250 -169 8 -34]
[-181 -307 -63 -42 -72 -48 43 -103 156 -182 -227 118 70 -97 -37]
[64 25 133 14 -18 -34 61 -20 121 108 128 193 25 123 -123]
[20 -185 -37 -23 -142 128 -142 -31 83 227 -143 23 172 104 -3]
[-102 -107 -32 -144 -84 25 -158 8 -110 13 156 153 164 46 -5]
[-145 -13 114 -49 -84 -152 -244 -42 -120 79 87 -149 105 -292 279]
[41 -60 -101 4 61 192 297 222 31 -104 -276 -169 -50 -43 33]
[-24 308 -232 -150 -68 24 -320 104 178 -236 -89 318 -151 -75 12]
[166 -29 -68 -117 -268 152 113 52 -86 -168 -148 -123 -344 -245 32]
[-74 -4 -179 -111 -201 -123 46 10 -74 98 41 -95 49 112 -55]
[194 14 -72 41 -185 85 -180 8 -14 16 -147 -29 80 92 -108]
[22 -73 -90 103 56 -18 89 43 181 -10 13 85 40 -16 177]
[27 317 271 -91 -87 74 198 73 -27 -121 -8 64 183 130 -15]
[-27 -83 -121 -106 -236 -283 -197 -59 -28 10 141 28 -12 55 105]
[3 -342 32 -195 29 47 99 -8 -134 101 180 -193 215 357 51]
[-123 -46 -33 170 -3 -280 -135 -188 -64 -15 -85 44 4 14 33]
[-174 171 -92 -68 186 -31 -90 164 -227 318 -106 78 -21 57 76]
[26 -76 97 -155 -141 437 49 273 -83 -143 -7 -23 -228 -38 -14]
[-158 239 121 32 195 -62 -72 62 -118 52 -246 -96 -61 100 13]
[202 -192 25 -238 -88 -249 -123 -59 -71 89 -388 16 218 55 42]
[-13 28 44 15 -315 120 -273 -8 379 13 7 -195 -68 141 -82]
[128 42 -148 5 -136 63 -226 -194 -215 -146 -18 -118 155 -241 83]
[151 17 170 39 281 -216 87 158 -49 -182 70 -39 -2 298 128]
[-1 -98 -323 -207 -151 -175 -147 -282 -121 -75 -72 143 7 -111 2]
[117 20 67 -32 50 43 87 96 145 101 -11 -90 -7 137 -36]
[-225 -98 -122 93 126 -137 110 -30 284 294 -128 105 202 227 30]
[-70 -213 119 -158 194 -117 86 170 21 -224 94 76 -50 32 27]
[-177 142 -10 50 -361 90 42 149 105 -76 -220 106 36 12 9]
[188 -16 119 27 -49 98 88 -59 -91 48 -32 52 223 166 41]
[-27 -151 -290 -6 -301 -83 -205 -128 21 198 -243 176 -97 221 -46]
[-147 4 -250 240 8 114 -48 -211 6 -101 -19 -48 -9 -45 5]
[262 -8 -178 -103 -42 -99 -354 19 -167 -71 30 60 127 -72 -27]
[-44 -106 -234 -134 -2 -66 -146 -21 -23 -108 0 126 80 -13 -55]
[-74 174 -121 -2 -117 21 -17 -83 -83 14 -102 -121 -57 167 120]
