15
1000
[-6 -7 13 0 24 -16 0 -10 -24 -6 -21 22 -9 0 -8]
[-2 -16 -17 -25 -27 6 2 -26 30 1 -31 -12 32 72 17]
[14 4 -14 54 -8 -14 -23 30 -20 -44 -30 4 -9 -18 14]
[12 15 14 -18 -6 39 45 17 21 41 26 -21 24 4 -25]
[-1 -12 39 -73 -18 -26 -27 26 -24 0 0 11 -30 -67 15]
[-32 -33 -56 -35 -31 -40 -8 2 -64 -23 -60 -33 -3 6 -7]
[33 6 17 -32 -29 -53 -19 15 -9 4 -19 -20 -38 38 -2]
[-14 -12 -26 -29 -40 36 13 -25 -46 -15 -22 23 29 8 1]
[2 -73 -25 -18 -75 -41 -5 42 21 33 0 2 0 -38 15]
[-12 -29 31 23 8 -27 33 -20 13 22 -5 -39 61 -30]
[21 5 -1 6 -9 -20 -19 -1 -14 -24 5 -42 -37 -23 -15]
[5 47 34 -1 5 6 57 -15 38 -20 17 18 -6 -12 -32]
[12 -11 -41 27 14 62 18 -31 -9 26 12 27 -17 -41 8]
[-14 24 14 21 5 10 48 28 52 -20 6 10 0 31 -30]
[31 62 -20 24 -16 3 -24 17 43 75 39 -18 -28 23 -5]
[-45 17 3 -11 17 -23 8 39 -24 -17 43 7 -41 -38 -10]
[78 36 -21 -23 -21 -13 43 6 -81 1 -27 10 14 -37]
[14 -5 -19 0 -8 23 -27 8 -21 -46 -7 -6 -27 -10 -2]
[46 -37 -55 16 -11 5 80 49 35 30 -15 -32 -59 -41 1]
[2 -20 1 18 -5 -24 -22 18 26 3 -40 -42 -38 15 -39]
[14 -27 4 41 -33 2 -2 -9 33 -22 38 -18 25 34 -14]
[-31 -27 -9 -29 37 33 -4 -58 26 -9 -2 17 9 -3 -15]
[42 61 -50 -31 -36 43 24 -20 85 -14 36 -40 -54 14 2]
[-9 8 30 5 -16 0 19 -16 -25 -12 -44 53 -15 -40 -29]
[-11 -46 -52 -25 -12 57 58 48 10 5 -14 35 -4 -11 1]
[-67 -76 -8 61 -20 -12 53 -6 -17 -29 -16 36 4 50 1]
[15 12 7 -16 14 42 42 21 14 -10 -7 -7 0 -1 -6]
[-15 63 42 4 19 17 44 -22 -35 13 -8 39 -14 38 1]
[-1 -52 11 0 -21 24 55 22 19 -38 -42 -23 -47 -6 14]
[-48 -48 2 1 5 -8 9 53 12 -3 -19 -17 -54 23 -9]
[-56 -35 30 13 -16 13 2 -42 -49 -16 2 -11 4 -18 4]
[-15 -8 -10 -26 -24 -25 40 -6 39 16 29 21 4 41 -48]
[-18 17 28 -7 6 -19 41 48 58 42 -25 -22 -30 -37 -15]
[45 -14 -46 29 -18 -27 2 29 10 -3 -17 90 7 56 1]
[-38 30 11 15 -12 -5 -12 -8 36 -6 2 -27 30 -21 39]
[-13 19 16 11 -11 -1 -7 24 -4 11 -6 -6 28 -4 21]
[38 6 -10 -25 40 12 83 -31 86 56 -28 -32 -53 10 1]
[26 -34 -30 -8 12 -33 -9 -10 -3 23 2 -17 20 4 37]
[-9 -30 19 -2 22 -37 20 14 49 76 29 8 -3 -9 5]
[-33 -1 31 19 47 30 47 26 -23 -14 -15 24 -28 9 -7]
[-20 -4 24 74 26 -77 -21 6 -28 9 -11 -38 -73 11 1]
[-35 -4 5 11 19 -27 -5 56 -12 43 7 -17 -16 -73 -10]
[-1 -69 -94 -52 -65 -27 -25 -19 -35 -8 -6 47 21 27 8]
[-4 -6 -38 -19 -25 -73 40 -52 1 2 -5 5 -1 -1 19]
[-11 -46 16 20 -34 -24 -20 -14 6 -33 -34 10 20 -12 -44]
[-33 0 -4 18 16 -15 -1 9 -8 2 10 -12 7 1 -21]
[31 -5 6 -30 41 -9 -58 -70 -19 -60 -54 -63 -6 -35 -6]
[16 5 -9 34 26 51 13 14 5 -18 -35 -44 -21 9 -9]
[60 -10 -26 -6 -27 64 58 59 19 -4 -24 -3 -22 39 -4]
[-6 40 -32 -17 1 21 43 56 33 65 -13 46 31 15 7]
[22 -22 -41 7 2 -18 -1 -5 29 19 30 -27 49 7 -16]
[-19 23 17 -5 0 38 64 -10 56 -83 -8 19 -8 -25 -9]
[-25 -3 -13 0 -52 27 -51 -29 -16 52 -1 0 33 25 -41]
[-25 -41 35 41 -14 27 10 -39 20 6 -6 -46 -43 -54 63]
[-11 -40 -18 -6 -17 -37 37 -14 -5 24 51 11 -2 -9 -82]
[14 -3 10 40 -13 31 -8 33 12 0 6 54 34 15 27]
[4 27 31 -7 -52 -41 -25 5 -26 -3 -19 -27 -41 -24 -20]
[-4 -19 -34 -5 -10 -58 -73 -45 9 7 5 -18 -12 -17 2]
[-22 12 -27 -1 5 28 33 6 2 76 18 16 -57 -58 -5]
[-19 46 -15 0 42 -44 -1 -22 18 39 -4 -35 4 -23 -13]
[2 10 -13 -25 -29 -4 8 -4 6 -1 6 -27 -42 -33 7]
[-4 -13 0 19 -53 2 16 6 14 -17 5 27 11 53 11]
[-33 -18 -8 -1 -54 -44 -63 -15 -6 -28 -5 46 -2 -33]
[-20 -37 -22 1 -7 24 -27 36 -9 27 23 0 52 28 3]
[17 2 7 -73 -30 -5 6 40 -28 -5 5 -5 -24 38 -3]
[-4 70 45 9 -52 -55 75 27 12 -39 -18 68 -20 29 7]
[44 5 28 19 -1 52 -11 -11 -17 -7 -14 10 11 -17 -6]
[41 11 0 32 2 12 28 1 -1 -35 -35 -24 -10 -42 1]
[6 11 -30 -6 7 8 -18 31 9 -22 -21 -56 -57 -14 3]
[11 -6 -12 39 -7 0 42 52 29 21 9 -18 -4 4 25]
[-27 21 -5 -3 -26 3 30 -4 3 53 -16 39 36 17 15]
[-30 -11 -17 -25 -18 -14 26 -28 -5 -8 -2 -17 -6 15 -9]
[21 -30 -66 14 35 -16 -9 -13 -38 74 -23 9 -51 -13 3]
[37 4 -9 -7 -23 -26 -22 8 26 27 -6 -56 -32 -34 37]
[46 9 -50 23 34 -35 -34 -71 -10 -6 -25 -15 -29 -26 9]
[-2 -22 7 -2 0 -10 -16 8 29 46 30 2 -34 -28 -24]
[-24 20 9 -36 -32 -7 -28 -2 13 17 30 7 4 23 -47]
[-13 -18 11 33 -20 5 16 -7 24 20 -6 -14 -10 2 6]
[0 -23 -18 -11 -41 -63 11 32 44 74 27 -3 -34 3 1]
[-8 -8 15 7 -8 47 8 12 24 -3 10 55 21 -27 33]
[-93 7 -24 -9 -7 62 7 -1 13 -26 11 49 -34 10 2]
[3 -7 -16 -7 18 -20 -17 -4 13 -14 22 57 -2 18 2]
[-18 5 26 17 -4 -8 -31 -8 35 -60 20 -16 27 -75 37]
[-40 -31 5 3 6 40 28 15 -48 -66 -20 19 -26 -9 20]
[71 -19 -25 1 -59 17 48 -23 74 22 66 2 -12 9 -3]
[34 -51 -10 13 45 32 7 -11 6 6 -8 -6 -41 41 10]
[-63 38 44 77 6 -34 -43 67 23 54 25 -42 -6 34 -2]
[4 31 -10 -3 -43 14 -39 5 63 -10 -12 4 43 -29 -8]
[21 53 11 3 -8 4 -13 20 -55 -14 -32 -1 -40 19 -10]
[-50 -51 -29 -38 -9 -19 -13 6 5 -7 -22 -15 -1 -25 -5]
[26 36 15 29 -19 9 -32 -5 -2 7 14 33 31 10 -3]
[-7 27 -5 -8 -33 33 -9 -5 -36 3 -19 9 -35 10 -8]
[26 24 0 59 25 51 16 69 5 -23 59 -27 15 -27 27]
[-1 6 29 46 41 5 -20 -27 -30 12 -1 16 39 13 -25]
[-34 -49 -44 -40 10 32 -14 30 -44 7 -18 19 -3 -52 19]
[-14 -7 8 28 -12 -23 10 -18 -4 24 -2 8 17 2 -2]
[31 50 -3 -40 19 15 2 21 54 30 26 0 17 13 -15]
[-42 -40 -41 -10 -11 -7 14 7 23 21 -17 12 -37 -70 -26]
[-2 -21 -12 -26 -6 -1 -31 22 -11 27 -4 8 -14 -5 -13]
[-25 -37 3 -14 3 -39 10 32 67 31 28 7 -3 5 5]
[39 46 48 7 17 32 8 21 -49 -43 11 -2 23 15 9]
[46 2 -4 13 -15 -7 37 40 -1 58 -27 -21 30 30]
[-29 -10 -36 -24 -77 -69 -61 -21 -16 -7 -33 -13 34 73 2]
[26 -29 14 23 46 34 -29 28 42 25 32 18 45 -7 -35]
[3 27 -11 30 52 0 0 -12 -68 -15 17 -19 -13 -38 -10]
[-10 -49 -22 -33 -35 -38 -58 -22 -20 -62 -61 -6 -42 2 2]
[-17 10 -30 16 9 11 8 23 3 14 10 13 -23 -16 -5]
[-62 -56 -39 -49 -51 -37 6 -15 25 21 11 12 22 -6 -16]
[-19 -35 33 29 -31 24 28 -9 -40 35 -16 -24 27 0 21]
[46 -39 -1 -42 30 51 30 -82 30 -104 26 30 -7 -31 10]
[59 25 19 -14 -32 -24 -28 -5 -48 -30 15 -24 -22 12 5]
[18 25 48 36 10 23 60 48 -4 -34 -40 -30 -16 22 -21]
[54 61 9 15 15 -21 -58 -65 -28 19 -40 -15 2 -9]
[-21 -11 -49 8 -4 -8 1 11 -19 10 28 5 36 17]
[18 35 18 29 12 45 -29 20 -19 -33 -24 26 -5 -61 -3]
[10 -26 -32 -13 -27 7 -43 -33 -15 -53 -22 39 19 24 5]
[-11 8 -28 56 -34 -8 -8 1 -29 -9 23 5 5 1 1]
[12 12 49 -4 13 -14 44 45 0 -63 -21 18 16 -1 -18]
[14 15 16 30 41 1 13 18 21 5 -28 -42 -18 -34 -17]
[-10 30 -2 72 -18 42 -28 40 -23 0 -25 17 28 10 25]
[-1 -22 28 33 32 -19 -31 10 -2 -30 10 10 -21 -44 23]
[11 -25 -10 1 34 -22 -1 1 23 22 20 21 38 -8 -7]
[83 10 19 30 16 44 26 -5 58 30 23 15 21 -7 -16]
[-15 -20 -6 45 30 15 23 5 2 -5 38 -11 -5 -19 -41]
[-16 -23 -71 27 7 -10 11 -23 3 -24 26 46 -29 50 28]
[69 -1 29 -14 22 -11 -37 -15 1 -22 28 0 55 25 -14]
[-15 12 -23 -26 -12 -8 -7 -23 6 15 1 37 28 2]
[-5 -23 -12 7 21 42 36 -9 25 66 3 -12 27 -47 -5]
[39 -6 43 -2 39 3 -8 -15 -14 -27 -46 -18 -15 -14 -16]
[16 28 -2 59 70 15 -35 -62 -19 -93 -17 -1 -5 35 8]
[-48 -11 -5 29 38 31 56 29 44 1 -10 -41 -14 20 -5]
[9 1 15 -19 33 39 5 -6 4 -9 -22 -41 -25 -31 -23]
[2 -14 2 2 3 -10 -1 8 -12 -15 -10 -21 15 9 -45]
[-13 -24 -23 -40 0 48 59 76 29 -22 -24 -45 -48 -43 26]
[42 -17 18 -1 -6 -64 -22 35 14 45 31 26 -36 21 -41]
[18 25 -21 14 11 -20 -1 16 -2 9 -10 -20 -46 -65 1]
[19 49 11 18 7 -10 34 -7 -25 -9 2 -31 -30 14 -31]
[11 28 -18 -4 -1 -3 -13 -27 47 44 0 33 -2 17 5]
[-21 17 6 46 -60 47 13 30 -64 17 -2 1 -3 54 -17]
[16 13 25 13 -7 -13 4 67 10 15 47 35 -3 91 -4]
[24 -45 17 -13 -5 58 17 29 28 -46 39 -76 13 -31 1]
[-7 -29 22 -35 1 -75 0 -7 10 -26 -19 10 -29 3 13]
[-9 14 -16 4 -1 36 -27 24 7 56 14 47 -2 -8 -34]
[-16 -14 34 23 -14 12 10 38 61 -27 4 58 -19 -15 9]
[19 -16 -29 11 10 -62 -20 11 -20 -28 10 -20 -13 -23]
[35 5 -59 2 4 28 -48 -9 -7 -4 -9 31 -28 22 -7]
[4 17 -27 -8 -19 1 -29 0 -7 -24 11 20 37 47 7]
[18 -44 -12 17 6 54 30 -62 -30 -28 6 -29 14 50 -7]
[6 15 -62 28 -47 -23 3 -11 20 -20 9 -9 21 -17 14]
[14 -26 15 -3 91 34 6 -7 0 -68 -47 36 -75 -32 -23]
[33 2 29 -88 15 -79 -13 -41 33 2 11 34 -58 20]
[47 -17 7 -8 14 -47 -29 15 -31 24 -4 59 -21 -15 -22]
[17 25 -8 9 41 -15 19 -21 -24 7 10 -15 -10 10 9]
[12 21 23 3 13 -17 -69 7 -39 16 19 28 49 1 6]
[27 36 -13 -34 -4 -28 -36 36 5 -19 38 -16 -23 4 -6]
[22 15 -16 -9 -30 16 -25 -22 -33 -49 -42 16 -37 -2 18]
[9 -26 24 -3 31 -13 21 -47 22 -21 30 -34 33 4 4]
[4 -13 -14 -12 59 -32 -38 36 19 -8 43 45 -14 -2 9]
[-41 21 -25 -18 24 10 14 2 -56 -12 -33 -18 -12 -4 12]
[8 20 -25 18 -17 -55 40 -21 -26 -7 18 -6 83 3 7]
[35 21 65 -54 -57 -6 -1 0 -25 11 -4 73 13 -15 27]
[5 -36 30 2 -44 -1 -10 7 -35 19 1 -11 -7 3 -2]
[-6 3 -26 -53 -22 -9 -7 -46 -1 -28 -36 -19 -59 -31 -15]
[86 -7 -36 -14 -63 -73 -13 -28 6 -6 36 -13 9 58 -6]
[10 -26 -30 9 7 48 41 -4 -25 5 -2 39 -30 26 -7]
[38 0 29 23 -49 -2 52 1 15 60 71 -2 46 10 -4]
[-56 -32 10 8 3 7 -25 -7 -8 -9 22 -27 -44 -10 35]
[45 6 23 -23 -23 46 36 5 -59 -60 2 -5 4 37 6]
[-15 -43 -39 -20 25 -28 28 44 -9 7 34 28 34 -3 -27]
[-50 -56 34 42 23 -3 30 8 63 12 29 32 59 0 -13]
[-26 -9 1 -22 -4 -38 -30 -7 -34 6 -18 -15 -3 3 -14]
[-15 50 65 21 -14 21 26 -13 18 59 6 -24 -56 -17 -8]
[-18 34 16 -1 -11 -6 -28 7 -11 39 -41 -9 21 -14 16]
[-11 -11 0 4 64 55 5 66 -27 11 -3 -25 -27 -10 -33]
[71 82 -46 40 -27 -67 11 30 -18 21 -3 -35 -19 -44 -6]
[0 11 29 23 25 20 -1 18 0 0 25 34 24 5 11]
[6 12 -2 -1 8 4 17 4 -17 6 -23 -24 -13 -31 -17]
[-16 -30 -3 -22 -21 -38 9 -11 -36 7 -2 -1 -6 -25 -32]
[33 -26 -10 -10 -4 26 22 -37 4 -12 -3 27 -8 -55 27]
[54 -21 -13 -1 41 8 -5 51 41 8 -34 14 -18 24 6]
[4 -31 -14 28 -46 -8 -2 -31 -10 -20 -33 -54 -39 -12 12]
[43 -75 46 -9 -3 23 -24 -20 -59 34 -7 -51 52 -14 2]
[-9 -38 -27 -30 -21 -33 -41 -1 8 14 -61 -35 2 -14]
[3 32 20 10 23 23 19 22 13 18 46 20 -8 3 28]
[0 20 26 -25 8 -24 -27 -22 -18 -39 26 -14 63 -58 38]
[30 -4 -27 -8 -25 -21 -62 -9 -48 25 -21 52 -3 -11 9]
[-10 -6 10 33 -43 26 8 -3 12 -35 -21 -30 -27 -35 -7]
[-39 -41 -61 -67 5 26 -3 -21 -5 -34 -28 37 -24 41 -3]
[-28 -49 -3 -11 31 0 38 37 14 18 -26 -26 -18 1]
[34 2 36 52 -3 -10 29 -67 37 19 -20 -14 -48 37 32]
[-43 -23 7 20 -31 32 6 11 -21 3 -2 -77 -2 -12 1]
[14 -16 14 -38 26 15 2 -87 5 37 -34 36 -7 -67 -8]
[33 -23 43 -34 -4 12 -55 -49 -24 -19 -7 -2 -13 -53 -4]
[17 -4 -32 15 8 23 -29 -21 -26 7 46 7 -18 27 45]
[69 -40 -42 -56 1 16 17 85 8 -2 -52 -56 -15 -32 -2]
[2 50 -23 35 -6 20 -19 -14 -30 7 -9 31 3 28]
[15 -52 5 18 -15 -6 -13 -39 -42 37 4 -13 -27 -17 -30]
[-26 5 -39 -8 -25 47 -16 2 -2 0 0 17 -21 -12 -5]
[-50 -31 14 -25 -41 -32 -36 37 0 -10 -6 25 -23 1 14]
[46 -26 -1 -6 0 -19 -6 5 -17 -41 -9 -6 -48 -5 -70]
[-8 1 -30 23 -27 0 -24 -18 -16 -47 21 -2 19 62 13]
[-14 -46 -69 -11 29 -27 -45 -32 -34 -66 -24 43 15 -12 1]
[-6 -12 5 53 23 22 34 -27 -1 17 5 3 -8 -36 -38]
[-36 -12 19 55 2 46 45 27 30 19 -41 45 23 45 4]
[-1 55 0 -14 11 21 -1 14 0 26 -23 14 26 0 -15]
[16 35 29 45 -21 -30 -2 17 3 -1 -8 -18 43 -19 -3]
[10 -5 22 -2 -28 -18 -51 -3 28 36 -29 11 2 -6 -39]
[-37 31 -54 19 -29 6 21 -60 8 -71 -8 -45 -35 -44 10]
[31 16 36 32 35 2 13 -43 51 -23 -64 -28 -9 18 -5]
[-11 13 75 33 8 -9 -4 -20 -46 47 -7 11 -8 -59 -9]
[-3 36 2 38 -51 10 -27 13 -69 -9 -24 -34 -9 17 3]
[-30 -49 -96 -40 -47 -9 7 -4 3 -34 -33 6 24 93 15]
[-29 3 -29 -20 0 49 1 12 -45 -26 -38 -64 -18 12 -31]
[-11 1 66 47 59 14 -39 -20 4 -14 -11 -54 -8 30 -42]
[47 -51 33 58 6 -15 14 -23 64 30 41 60 -24 43 9]
[-17 36 62 28 -11 -32 -34 -17 22 -55 20 -53 -5 -20 22]
[10 53 -3 7 32 18 -15 -26 -9 0 -19 -46 -10 15 40]
[-21 3 -48 -33 13 -23 -32 8 12 -11 -1 12 -10 34 63]
[5 22 -16 -5 11 -24 2 -55 -70 1 -11 -24 -46 -45]
[-27 19 -37 17 39 0 18 -13 -21 15 3 1 -28 -16 -18]
[-3 3 15 -27 45 -75 23 -13 -11 -27 13 2 -36 -16 -11]
[-22 -24 8 24 -44 -8 14 -26 20 24 23 -1 35 -27 11]
[22 20 53 27 35 39 69 38 23 22 55 19 6 -23 1]
[-11 28 19 -9 -6 -3 24 -2 8 24 41 33 18 20 1]
[28 66 48 26 19 28 -72 -44 -2 5 -11 -24 -56 13 11]
[10 -6 3 -2 5 26 10 26 43 19 14 32 3 25 27]
[-9 -28 -17 -14 -25 -16 -27 -16 -9 7 -19 -18 -11 16 20]
[-40 -10 21 2 17 15 -21 -11 -46 26 -24 13 19 40 1]
[-48 44 -25 8 55 65 52 11 -15 -34 17 5 -37 -18 4]
[-29 12 4 7 -6 -10 20 10 20 -24 -25 -58 10 -27 -41]
[-36 -23 21 -53 -21 -20 21 -19 -5 -34 21 28 -5 3 -2]
[18 -18 1 13 -26 60 -4 22 43 -21 18 -3 -71 -1 5]
[-17 -14 7 13 52 -1 47 -22 -22 47 4 -41 5 -7 -11]
[-7 9 16 35 42 -3 -27 -30 -34 -21 -13 -28 -35 -11 -5]
[-22 -6 -9 -8 30 25 -8 2 -45 -10 -24 -61 17 -1 36]
[29 -8 -3 45 4 -9 20 38 15 -5 -22 -9 -14 -34 -36]
[-22 7 -2 -8 -74 -41 -10 -33 49 48 -9 0 46 -37 -17]
[20 -9 -14 -20 -7 -46 -45 -22 -31 -10 42 14 -45 -16 -22]
[22 31 0 -23 10 3 43 19 32 -32 16 -16 -25 -55 17]
[47 -52 0 -24 15 8 -18 25 6 23 -4 -34 56 -13 -3]
[-17 -35 -67 -2 -54 -2 13 -6 -66 -23 36 21 -25 -4 2]
[-19 -9 -40 15 54 41 23 -36 -2 -40 -17 -18 -13 -26 7]
[-1 -7 -22 14 -12 -7 24 -28 27 12 26 3 47 45 24]
[19 -8 36 2 15 15 13 -11 3 -2 27 -50 43 -27 10]
[-32 -20 28 11 -41 -48 27 -40 2 -20 -22 -8 -36 -16 -9]
[-6 -44 41 104 43 -15 38 -38 76 39 19 17 -40 14 -11]
[25 64 -36 40 -24 3 -18 -20 35 13 35 16 -30 1 -25]
[-29 -15 -19 -17 -14 -21 -58 -45 -38 -34 -45 -39 -3 -12 -9]
[15 84 71 56 -37 30 -33 -21 -67 23 -19 -16 45 13]
[-1 8 -2 20 37 5 -2 3 22 32 22 28 53 39 17]
[20 -9 16 14 10 -27 4 5 -19 -26 -37 37 -37 27 -31]
[3 25 22 5 -2 19 7 6 40 21 29 61 31 3 5]
[-8 19 34 -38 0 -14 -6 18 -4 -29 -21 -35 -72 31 -8]
[-7 -41 -13 37 13 -3 -45 -62 10 6 -22 -40 -83 -33 -12]
[-37 -41 -37 -31 -27 -18 20 27 -21 -23 -1 -10 17 43 45]
[27 90 6 -46 -7 -24 25 2 -8 23 -14 -13 26 29 12]
[-38 14 20 -11 13 13 30 -28 -13 -53 -17 3 20 -33 -6]
[-22 -8 19 21 24 29 -4 17 15 20 -2 -8 -18 27 6]
[17 -17 -17 -24 -48 -35 -67 -50 -38 -22 -2 -28 -1 42 -10]
[-28 -23 -9 10 20 2 24 60 40 -17 -36 -57 -72 -41 -5]
[-1 47 16 9 26 -33 -25 13 13 21 -13 51 52 27 24]
[-9 -11 -11 5 -25 -23 7 24 -18 -18 15 -33 -50 29 -4]
[10 -8 -31 -35 6 -8 0 -8 25 15 18 -27 8 34 18]
[1 -8 -58 -31 -2 6 30 18 2 -10 -17 25 43 28 16]
[-24 27 -8 78 33 54 6 37 -1 15 -12 -10 -9 18 17]
[61 76 79 63 10 35 0 23 -50 -6 -26 -26 -24 -45 -2]
[-30 -35 9 -64 10 12 6 21 -46 -41 27 38 -33 -25 -18]
[64 22 0 -21 -20 1 26 10 -2 35 -8 58 40 67 2]
[6 -39 -34 -9 26 53 9 31 34 16 16 -17 -28 -36 2]
[14 21 18 27 25 28 10 1 6 -12 2 -33 -6 -3 1]
[29 24 -18 -47 -18 -12 -9 -23 16 -53 -2 -5 -5 -18 -8]
[-9 1 -12 31 32 33 -39 -19 1 20 15 8 21 24 3]
[-37 -16 -6 -11 -5 21 -50 -24 31 -53 -29 -1 7 -30 -39]
[49 14 -9 -7 14 -13 -52 2 -9 -22 -18 -64 -23 1 1]
[4 2 -12 4 -38 15 -44 -25 27 -14 15 12 1 -53 31]
[-30 21 -2 -30 -34 -16 -22 -13 -3 60 46 16 8 40]
[-4 28 -18 -47 -14 16 12 -40 -17 21 -9 -42 -33 -36]
[35 15 40 20 -3 -33 10 -42 0 -42 -33 -16 -7 -32 -2]
[19 -8 65 8 44 11 -7 20 -20 13 -3 16 35 16 17]
[18 52 -11 8 38 21 7 -20 44 35 22 38 7 -35 16]
[16 -7 10 -32 16 -35 55 -37 10 9 -28 -7 -12 18 -10]
[-42 -7 -22 -36 -38 19 38 -32 -7 29 40 44 9 -23 12]
[-2 37 -38 15 29 -14 46 64 1 -23 -5 14 12 -3 2]
[-52 15 27 -55 -26 10 17 -25 5 25 8 -63 -36 -31 -35]
[-13 -49 -17 5 -32 -9 -58 -35 -45 19 -1 -33 -15 -25]
[27 26 -9 47 17 9 26 -24 16 14 5 25 36 37 -15]
[9 3 1 55 65 54 13 6 -28 0 -36 -14 10 12 13]
[-12 -12 -25 -64 -76 -10 -42 -13 7 -28 -33 -42 -16 15 -11]
[-6 31 -8 14 13 18 -12 5 -2 -38 40 32 30 -4 -5]
[28 -37 -8 -25 -22 36 17 64 37 56 30 11 29 8 4]
[11 8 -10 -2 -19 -6 66 15 10 -6 7 -31 -10 -50]
[14 -33 -6 -25 6 -25 -1 23 41 -27 -21 4 37 6 44]
[-16 4 -37 10 10 -71 28 -14 -3 -1 20 11 1 9 3]
[10 -47 15 -2 -14 -21 -2 -7 16 -18 1 23 -26 -45 -19]
[3 -30 -1 58 35 2 -18 34 -6 8 -17 -21 -13 -13 -17]
[13 -64 -13 -3 -25 -1 53 -25 22 -60 21 42 -16 16 1]
[-28 14 21 35 29 -49 43 -25 -2 26 23 9 48 23 -5]
[54 -5 31 35 19 -18 29 29 54 10 25 -8 31 65 -11]
[12 40 -23 -4 13 54 -14 -36 -18 5 3 2 -16 -4 -6]
[41 53 21 28 56 15 22 0 10 8 -10 10 -39 -18 -9]
[-10 21 10 -9 0 -8 8 41 5 31 23 48 13 5 42]
[27 16 13 30 -11 48 5 2 3 21 38 20 8 38 3]
[4 1 -47 -33 6 -12 -17 -3 4 36 -6 -22 41 34 -8]
[4 6 15 5 28 -2 -6 3 -65 -40 -50 3 -14 13 7]
[8 -8 -16 3 -8 -70 -25 25 3 -10 -14 -9 -8 -44 -21]
[-19 8 -17 19 -44 -14 -43 26 -54 -20 -62 28 -15 14 -9]
[2 -68 18 -51 -46 -15 20 32 6 30 11 1 -82 9 -5]
[0 51 19 -6 68 -27 -43 22 3 -47 -41 -48 -27 -22 -2]
[21 11 7 -16 38 61 24 7 69 55 -27 64 59 -10 -7]
[19 18 -13 -17 15 35 5 -24 -19 -5 -34 -49 11 -3 -25]
[-25 -4 15 26 41 -6 -22 -9 41 30 11 37 53 14 15]
[-32 45 37 5 -19 -7 -18 -24 -45 31 -4 43 -12 50 12]
[-39 15 -12 -9 -39 -32 -12 33 27 5 18 22 30 31 22]
[17 -43 -28 7 5 -5 42 2 -21 1 -31 23 45 7 -10]
[-1 -11 26 5 0 15 5 -47 -15 30 42 18 8 -24 -11]
[20 22 18 15 10 16 12 2 -31 -6 45 -3 31 13 -26]
[-13 47 -6 -51 32 47 6 0 35 19 10 -12 32 -31 3]
[20 8 34 24 20 20 4 6 44 32 63 -19 73 34 -5]
[-9 -22 7 -22 63 41 31 7 -1 -7 60 -22 -9 -21 17]
[65 -9 2 -6 23 45 -11 26 34 27 -15 -42 37 20 9]
[-9 -56 -65 -42 -3 3 28 31 12 8 27 46 34 14 3]
[21 -13 12 -28 -16 26 -36 37 -2 31 -21 31 -56 6 1]
[-11 -14 -66 -69 -8 -8 -58 -34 -33 -11 -14 5 -6 -27 -5]
[3 -2 56 36 37 26 -59 -14 -51 -12 17 1 17 4 38]
[-9 -17 -10 -4 7 2 45 -18 56 -40 -4 -54 39 -6 1]
[4 -6 -6 1 48 19 -2 -31 -28 -4 20 -13 -32 -27 43]
[67 39 -30 20 -6 -30 -68 9 16 -29 10 15 3 46 29]
[-1 -8 79 -6 1 -40 -48 -29 -40 -9 -18 20 6 -48 7]
[59 1 -3 0 0 2 -16 -52 -49 -30 12 10 -31 -29 -7]
[-37 -22 -31 8 -18 6 -12 31 -5 -23 -30 -24 -41 -32 -23]
[-23 9 -14 -18 -6 -4 -6 -8 4 9 20 -30 -17 -31 8]
[45 70 -4 -42 -21 -60 -91 -45 -19 -65 -37 -58 -57 19 1]
[0 -28 -43 -35 -34 12 -34 10 18 18 -1 12 -27 24 9]
[27 6 14 22 34 54 28 -12 -2 10 10 -14 -37 -21 24]
[-28 -21 -8 -52 -21 1 13 -6 1 -25 -21 -42 -15 -1 21]
[-28 -2 12 -31 -27 -11 -25 -79 -14 -65 -46 6 -20 -36 -5]
[42 -3 -23 29 46 8 -30 4 9 11 -45 -55 -20 -8]
[7 -10 3 10 8 -3 19 12 24 26 28 7 -27 -42 -20]
[-26 -42 34 -30 7 -34 32 -14 10 3 58 20 18 31 -28]
[8 1 2 15 -28 -25 -16 5 -7 41 12 28 -8 -20 -28]
[-24 41 16 14 39 7 19 11 30 32 -4 40 17 -11 21]
[12 -35 68 -15 15 27 -15 30 12 9 -18 -72 3 6 1]
[-78 42 22 -14 -1 -3 -9 32 25 -3 -19 39 -5 30 24]
[-4 -17 30 -30 55 10 13 35 -38 -43 51 -25 -51 1 -30]
[-7 -24 -19 -54 -21 -27 -30 -46 -21 11 3 18 20 -17 -27]
[-34 -17 39 -12 8 60 16 -21 25 52 22 -3 -48 42 -2]
[6 17 27 26 20 11 -26 -30 -61 -25 -45 -13 25 3 -2]
[-27 -35 -38 -42 -63 2 -4 42 -3 -12 -4 -35 -4 8 -12]
[-60 -50 -41 0 7 -13 -7 13 -15 -27 -13 37 16 -16 -15]
[40 -20 -6 13 26 0 23 -34 20 -21 20 36 -7 -37 -21]
[-6 16 -35 7 -33 -23 15 21 6 -7 -30 -16 -10 -9 -17]
[3 8 -17 -21 -15 9 3 4 25 -22 26 28 24 -1 -3]
[26 -22 22 -74 -26 -26 15 70 8 -40 47 -39 -47 4 -9]
[-19 -11 -4 -10 28 9 44 10 2 19 -25 0 -52 -30 -10]
[-13 4 13 17 16 -7 -9 0 2 -22 -26 -26 -26 -2]
[-13 -31 29 9 24 23 17 6 53 -9 18 26 -11 23 -7]
[38 19 39 75 34 -26 -27 -3 -35 -66 -5 10 -5 -25 7]
[-7 -27 0 8 5 7 34 34 5 -28 36 8 20 43 -4]
[26 -18 -40 -1 20 2 17 54 84 97 65 0 -17 -15 3]
[-7 21 6 -8 -41 -11 -11 0 -14 -13 -5 25 28 14 7]
[16 19 23 34 44 -25 -41 6 8 -32 -64 19 -1 23 2]
[-32 -21 -2 -32 -55 -37 -28 -15 -40 -17 -31 -27 -46 -34 -21]
[39 45 -8 -12 7 14 -16 -29 20 -7 -44 -5 -31 -36 -15]
[52 8 22 12 24 17 14 60 -15 82 12 70 3 22 1]
[-4 4 9 25 -10 -10 -4 10 -5 -1 -18 -9 13 1 -11]
[12 46 28 33 33 15 15 35 -13 9 -41 -18 -38 -10 -21]
[37 -7 17 11 -1 -25 13 17 -28 32 79 41 -18 58 40]
[75 70 -28 -34 -38 7 14 -24 -1 -27 6 4 19 9 2]
[43 20 9 30 21 18 12 -25 -46 -29 18 -9 -29 1 -8]
[-24 20 0 -13 -39 47 28 3 -36 27 -17 74 -30 43 -2]
[-22 -27 16 22 -9 3 7 28 10 24 -5 -10 -15 -46 -5]
[38 -42 -7 35 55 71 -17 -20 9 56 13 21 -7 43 -7]
[58 -46 -55 -23 -9 -29 11 41 -4 -2 26 12 28 -27 7]
[8 51 -35 -17 -5 -36 -42 -37 -25 -13 2 -82 11 -24 3]
[-21 -13 -69 2 -46 50 -30 48 11 -25 -31 22 -28 50 -7]
[56 30 12 -16 33 -5 5 1 -14 10 24 -41 5 -13 6]
[-35 10 23 -45 -2 1 -2 -5 1 -3 -14 48 17 16 18]
[-70 28 -9 8 -60 26 -48 -35 -10 -15 12 -8 3 19 1]
[4 37 -6 31 45 24 -45 11 -47 -56 25 10 28 30 1]
[-4 14 6 13 2 2 -16 17 23 -13 -12 20 -34 4 24]
[-33 -27 15 -22 -7 -30 -21 -12 -27 25 -7 37 13 16 4]
[5 55 0 -17 -6 0 -24 36 38 1 18 -1 -7 8 -16]
[9 -31 50 60 41 24 -25 -16 -40 -28 -1 -15 -17 52 21]
[-26 3 9 -19 17 -17 29 -43 -23 1 28 5 42 40 -14]
[-12 21 1 51 29 34 44 0 60 -13 4 -8 14 -24 30]
[-4 21 12 9 8 5 17 34 24 40 41 46 51 21 19]
[-39 47 9 -7 5 0 8 -56 2 -13 -3 20 -31 -20 27]
[-45 30 -6 39 -20 -40 -25 -26 -15 41 -19 34 8 -38 45]
[5 -8 22 -36 -21 -52 12 -14 -16 -6 -10 -45 -7 -4 5]
[25 14 12 -11 7 39 54 -15 -58 1 -7 -5 -30 -6 5]
[5 -8 15 -9 -24 -2 -6 49 0 14 10 37 4 -40 8]
[-27 24 8 34 -21 32 4 -4 -42 -27 -79 14 -41 -15 -10]
[29 10 23 -8 3 -6 2 -9 -11 29 -27 -41 -14 42 12]
[29 11 31 25 51 35 22 24 13 11 53 37 2 -5 -40]
[-21 31 16 -2 7 -18 -23 -17 -14 -5 0 -5 -26 -20 -6]
[-12 9 -20 -21 -14 41 4 36 12 27 -18 -13 -45 -29 -6]
[-6 17 -33 -83 -43 18 24 -34 -6 -11 -27 -19 -10 55 1]
[7 -25 13 8 45 16 17 -53 35 19 14 -55 -6 -18 12]
[-21 1 23 41 17 6 -2 17 39 32 8 1 -46 -51 -3]
[2 11 -49 -25 -49 14 -55 -12 -56 -3 10 17 6 -5 -5]
[-15 10 -4 -21 -13 -20 21 -44 24 -37 39 -27 20 -11 15]
[28 -19 -7 -55 16 20 1 -1 -28 -22 31 28 39 -5 -45]
[-24 68 58 -13 39 87 5 64 34 14 -35 17 22 -24 1]
[19 39 -4 0 -12 -31 -29 -8 -17 19 -35 12 -8 -5 -12]
[13 6 18 15 -26 -16 10 -4 -17 -11 -10 8 56 23]
[16 -26 -22 62 -7 22 26 21 -6 19 -10 -22 -22 -9 -22]
[-40 3 -7 22 28 33 -27 6 45 13 -7 -50 13 12 -10]
[12 11 -16 -30 13 -34 -8 -16 24 8 23 36 38 59 41]
[16 -7 -11 -21 -6 27 32 8 -5 21 -50 -1 30 -39 33]
[56 18 -3 11 -16 -35 -33 35 -2 -29 15 10 8 8]
[-3 -22 38 6 -3 46 -3 29 23 -2 17 23 -4 28 5]
[7 -7 1 -14 11 61 -31 -6 20 -30 -46 -66 -12 -29 -16]
[-21 -38 -19 31 53 29 13 -20 -41 -47 -11 72 128 76 1]
[-56 48 10 -17 -13 15 -9 8 36 -22 47 38 2 19 -7]
[40 40 27 32 26 -23 -32 -19 23 -6 -16 -24 3 0 -22]
[-10 -13 -10 -38 -10 -24 -9 -9 -39 -11 -49 6 -8 17 22]
[-1 -29 -61 -39 -7 -2 -36 -14 -10 -25 0 -8 4 -10 -5]
[7 2 -18 -26 -41 -15 -17 -3 3 6 -23 -3 9 30 23]
[5 -7 26 24 6 -16 -50 -42 -61 28 -91 -11 32 47 38]
[-33 13 -23 3 -19 -6 40 -8 -20 -12 2 -31 -7 -17 16]
[-24 -9 -27 -14 -37 -13 -53 -29 6 33 22 43 20 48 7]
[15 -13 -36 0 30 21 -3 -33 -12 31 32 22 7 -1 -4]
[14 29 -6 0 6 -4 0 -2 3 26 -26 4 -14 35 11]
[-11 32 23 -1 9 8 -6 9 -2 -23 -2 -17 -10 16 7]
[39 14 -40 -22 -15 -11 5 -21 -9 0 35 29 17 21 11]
[31 17 29 21 21 44 33 47 6 13 -37 25 4 53 10]
[60 18 1 49 11 -7 38 -6 2 9 33 36 -27 18 14]
[-13 42 33 27 -4 -30 -7 5 6 -19 19 9 -23 20 11]
[17 40 76 -37 -4 -42 -37 -55 14 42 -40 -24 -41 -47 28]
[-6 -14 42 24 34 44 4 20 -20 5 -2 -19 -17 15 7]
[-32 9 -30 -21 -23 -40 4 -10 29 49 -10 31 11 -23 1]
[-55 6 -10 -51 -29 -17 8 -12 -64 -76 -25 -22 -11 -22]
[10 34 34 -3 28 6 38 14 42 -14 46 19 4 -19 15]
[-13 54 10 81 11 -7 -12 -17 -39 -33 -51 30 -54 2 -15]
[17 -12 -22 -18 -36 12 21 76 13 6 5 16 18 16 3]
[111 -10 0 16 7 -10 -40 38 71 36 -20 -32 0 15 1]
[60 33 35 7 46 9 54 -48 -22 38 29 4 -35 45 44]
[-53 -27 49 -16 -22 15 21 34 49 13 -3 9 17 43 -12]
[9 14 -5 -47 13 16 0 -11 45 -50 22 -20 29 -18 -3]
[11 28 -9 20 63 0 23 16 37 7 -54 16 37 38 32]
[-6 41 -13 5 29 -23 -26 24 -59 -30 -43 -57 -31 -17 27]
[2 -57 3 23 -1 -23 -12 -25 -15 -13 -22 -47 -42 -36]
[-17 -14 -29 -27 -10 -2 -44 4 -5 -2 -34 7 -15 -17 -46]
[-6 35 17 -28 -27 -8 35 -7 20 28 -10 -2 53 52 25]
[-17 47 -36 1 -7 45 28 46 -4 -12 12 -19 44 -4 -15]
[-4 -33 -18 -21 -32 0 12 35 11 7 31 -4 -28 -40 21]
[8 20 -57 -17 71 -53 34 -10 -52 -15 9 -29 -21 -3 2]
[-13 31 29 74 17 18 26 27 33 -32 -52 -22 13 22]
[-2 -36 18 12 -5 37 -75 33 -40 3 -6 12 31 12 -3]
[-34 19 -11 -34 -21 -19 -46 3 37 -6 30 11 -20 1 -28]
[33 42 17 -38 -14 23 3 -13 -1 -6 -21 0 -9]
[-9 14 -23 3 -1 -27 -36 -2 -54 -37 -23 -73 -68 -5 -12]
[-30 2 26 31 18 -33 -70 -27 23 -8 -5 4 -65 -31 -17]
[14 4 -14 -4 -34 -8 19 -31 -45 17 -15 18 -19 -26 1]
[-1 36 2 42 19 38 52 46 -11 -8 26 30 -9 -8 27]
[-12 -39 36 -39 41 -21 -26 37 31 -37 -8 -9 19 -16 19]
[23 -60 -22 -6 -3 -44 -10 -40 -39 -24 -11 11 3 -15 -19]
[14 6 7 -6 68 -35 30 23 11 27 -10 -39 -44 -16 -38]
[12 -6 -10 1 53 18 -27 -37 -4 6 1 1 -37 3 25]
[24 25 11 20 -18 7 31 29 25 36 -5 37 11 -29 -5]
[8 -32 13 -44 9 8 23 -8 18 -4 -56 -48 31 -40 1]
[11 -6 -43 -86 18 -1 -3 -33 -26 -11 -12 -8 -38 21 24]
[2 -7 -32 -10 -14 -1 36 -7 10 -4 45 6 9 3 21]
[-8 26 61 15 2 -35 -4 1 7 -38 0 1 28 -14 -21]
[57 19 28 -28 -3 -8 -25 30 -26 -36 10 0 15 -26 5]
[14 -9 -40 -27 16 -11 -38 -13 35 21 2 35 0 4 -16]
[-6 50 15 -13 -28 -14 -9 -4 -37 -31 19 -11 18 -4 -15]
[41 -23 -19 44 20 -12 -4 -47 -3 45 -44 57 4 15 6]
[-7 3 -16 23 6 -51 6 -10 -3 -17 -52 -3 -44 32 12]
[21 17 -9 14 3 -6 26 17 15 -35 23 -47 -42 -35 13]
[10 1 63 51 27 19 30 28 -58 2 0 -26 -9 -35 14]
[-1 10 0 2 6 3 -14 -36 -14 14 12 10 -12 40 35]
[3 -26 -25 -1 35 -4 -3 7 51 22 47 15 34 32 11]
[34 21 4 5 -25 -9 10 -6 35 -60 4 24 34 81 -36]
[20 6 56 -4 14 -12 -20 11 12 -10 28 -7 13 -1 16]
[32 43 -53 -36 -46 -32 -22 -24 52 -17 3 5 21 11 -9]
[-8 28 -32 4 14 19 36 43 -62 -31 1 3 -37 -86 -6]
[-9 -35 9 -21 1 -7 18 -40 14 9 -8 -29 19 13 6]
[-1 38 -44 -22 14 -16 2 -25 -26 -18 25 13 -31 -26 -35]
[11 28 -2 20 33 34 63 58 10 24 36 -6 4 8 -13]
[-22 27 8 -19 6 25 -13 -4 -3 -16 -37 -7 6 -5 -8]
[-18 10 -10 5 -8 -19 -16 -15 -9 11 25 37 47 15 49]
[14 34 19 37 24 16 -23 25 -2 -10 29 2 0 -12 12]
[15 -3 2 -12 -1 -27 -18 -45 -49 -24 -62 -64 -46 -20 -12]
[-22 -23 -28 37 -38 -2 -22 0 42 27 17 11 -14 23 -10]
[-82 4 26 37 58 -2 -7 37 34 21 28 2 -13 7 -8]
[-36 45 -5 47 1 73 22 59 42 66 5 32 0 -29]
[30 -11 -27 -1 1 -67 6 31 -25 -16 -13 10 -7 -6 -3]
[20 1 21 24 12 38 4 1 -22 -39 -32 20 -20 -14 -19]
[-39 -23 -11 -9 -21 -12 -11 15 -20 -25 -32 -1 -46 25 -14]
[23 -12 21 46 0 29 21 49 -11 -10 -10 -1 16 -10 -2]
[-7 -15 -16 -48 -40 -12 26 29 44 5 -22 24 -15 27 39]
[-9 -5 -2 12 39 26 5 6 15 32 30 7 -9 -33 -13]
[-46 -45 29 -29 22 -5 -25 47 -17 -21 9 51 10 -30 1]
[-11 22 -32 25 21 -1 36 15 58 -21 67 42 -8 4]
[-52 -35 -15 -4 -1 -29 32 -24 -37 -27 -15 12 -16 16 17]
[-45 -20 -23 -8 -5 -50 33 27 -14 -35 -20 56 9 8 -32]
[-18 -17 -23 -46 -5 -36 -4 -14 -28 -17 24 17 -2 17]
[37 -25 -8 49 -12 19 -57 13 8 -26 24 4 7 74 -12]
[-32 0 6 -21 -57 -6 -27 9 -27 26 33 -11 25 24 6]
[40 2 4 21 70 4 -17 -25 -7 -17 11 -21 -35 -6 -33]
[41 30 33 9 32 -1 26 -19 26 42 -3 4 5 1 3]
[26 32 44 31 5 72 26 6 -33 47 -23 48 -2 -17 1]
[26 -36 -13 -24 -18 -2 -11 -30 37 -14 15 6 -26 -27 41]
[35 26 26 2 2 -31 -16 -45 13 25 45 9 14 17 1]
[-37 -33 -26 -2 -6 -49 -23 -27 -1 42 -52 -30 -3 -53 -3]
[37 -5 -66 -59 36 6 12 13 37 -35 30 12 4 -16 15]
[-41 18 9 14 -27 27 -15 28 -25 -14 -47 24 4 -28 1]
[-35 -16 22 7 40 -48 11 -3 -56 -47 -20 -5 19 6 -19]
[24 -24 -12 -3 -19 -14 -28 -15 -10 6 2 24 7 68 -21]
[-22 7 -1 -13 41 -28 -12 5 8 20 -57 -6 -50 -29 1]
[-9 -14 -36 1 -35 53 -25 13 1 22 4 -27 28 -3 13]
[-16 24 -27 -19 13 -10 -28 -14 -8 -5 60 -6 16 60 -9]
[36 -15 63 61 29 21 44 53 17 -37 0 -22 -23 -54 -9]
[47 14 -9 -7 14 0 -20 -41 -12 36 -27 -41 -13 33 -15]
[-36 -5 36 -33 -2 15 9 30 24 16 6 -1 0 -35 -32]
[36 -4 27 49 42 27 29 12 7 20 0 29 -3 -26 -18]
[-10 1 3 -10 -27 -53 -62 4 36 35 -6 -24 -29 16 1]
[9 -7 -33 -69 12 -24 -15 -1 -22 -11 57 -3 28 32 2]
[44 -10 -28 10 64 -21 18 56 2 -25 -28 47 11 5 -31]
[3 -53 -5 8 13 -15 -3 -38 -46 13 27 13 -43 -5 2]
[-3 -13 -32 -51 48 26 18 -51 24 30 -3 41 43 -31 -2]
[-3 -20 9 -12 33 15 42 -8 0 -20 7 -3 -5 -9 1]
[-21 0 -6 34 -46 21 -20 19 -50 16 -31 22 -32 33 1]
[0 38 7 7 -11 30 -32 39 -27 -20 24 -37 -20 42 -84]
[-25 23 -39 -23 -21 18 16 -47 2 36 -38 13 6 -62 7]
[3 -2 5 0 2 4 -8 13 14 14 6 -6 -15 -19 -23]
[5 -39 -9 -37 -59 -67 -18 -10 4 30 30 -15 -14 31 3]
[49 36 2 -15 -20 -22 -14 -31 -13 8 -18 14 -10 -16 10]
[11 70 42 105 2 41 -10 28 32 -28 -35 20 -42 40 -5]
[7 24 -3 -8 -25 -21 6 -21 -36 -9 -47 -12 26 36 18]
[-57 -37 -10 -35 -12 -1 74 22 -43 13 -5 -53 21 -10 17]
[29 -7 -3 -6 6 -31 5 -12 51 21 25 24 -15 13 -33]
[-35 -70 10 -38 -63 -9 -13 1 -15 27 19 2 4 38 1]
[-46 -28 7 15 19 -16 -47 -31 -26 -29 -26 -40 -15 13 -24]
[-20 -29 -3 20 -32 21 48 102 14 -3 -45 -36 2 -2]
[19 33 19 5 4 -13 -47 -42 -2 45 58 47 -10 16 -2]
[4 18 14 10 12 32 16 61 -6 -10 6 25 15 5 -25]
[-23 7 -75 16 -23 -38 4 63 78 1 47 25 -32 -7 -9]
[-10 31 9 2 6 -1 27 32 19 28 10 -40 49 23 24]
[-14 20 18 45 13 40 5 30 0 -18 12 -14 31 -7 53]
[-7 91 39 59 0 1 44 15 18 -10 24 42 71 54 -14]
[-45 -39 -17 -3 -17 18 -59 -18 21 58 75 45 8 12 -2]
[67 -28 -52 -91 -29 31 15 -4 21 -8 -66 -8 -16 5 1]
[66 -39 -18 10 32 31 68 6 -18 16 -3 -6 -61 20 12]
[-21 -38 -14 0 24 15 1 -22 2 -26 4 14 -5 43 29]
[-7 15 -10 22 10 1 -2 -7 -112 -2 -63 61 28 54]
[-28 -45 -14 -38 -23 41 49 27 36 48 27 26 -5 -9 1]
[15 15 37 -13 -15 -15 -37 -2 21 -52 -7 2 -19 -10 -3]
[-38 -13 -1 43 -36 -45 -17 28 -6 -20 -4 3 -2 -31 -34]
[-17 -22 12 9 33 -4 -14 47 20 43 -11 34 -40 13 30]
[-19 -15 -8 20 -16 37 28 -28 -22 -34 -36 -19 -60 39 -28]
[3 -2 14 25 -11 -6 16 64 29 13 57 13 32 2 28]
[-46 -8 -15 -5 10 26 6 31 -18 0 -26 -15 -12 -9 3]
[-37 35 -55 56 -5 -11 -16 -21 10 24 26 -18 8 27 1]
[-2 17 7 -14 -7 1 -2 19 -15 -19 -25 -28 -32 -31 22]
[-12 -2 -7 -9 -21 -11 -1 15 25 25 29 14 9 0 -9]
[9 -13 -12 -26 0 46 56 52 6 -28 -17 16 1 -23 -2]
[-6 40 -14 28 29 -8 35 30 -19 -27 56 16 -17 -54 -39]
[-2 -5 -23 -13 -12 36 -33 0 -20 -38 26 41 36 18 6]
[23 31 1 -67 3 -2 61 -4 96 29 44 17 45 64 8]
[21 -22 7 36 68 -44 0 -58 15 43 48 -37 -61 -42 2]
[16 1 24 36 9 2 50 31 -4 -1 -15 0 -35 12 -6]
[-11 -28 25 14 -19 7 25 4 -26 -61 12 -58 -37 -23 -8]
[12 -54 54 9 36 -18 11 14 -28 -48 44 -40 -6 -30 -3]
[-1 -44 -9 -50 23 -5 27 -12 -61 -28 1 52 -27 9 -39]
[22 16 15 5 -5 -6 36 29 11 1 9 8 2 6 1]
[-6 2 -35 18 6 -5 -9 0 9 4 0 27 32 5 14]
[-7 -39 -41 -14 -32 16 -42 -66 28 1 0 14 4 18 -36]
[5 14 40 -12 22 11 43 7 21 28 25 5 -1 -18 -37]
[32 50 21 19 11 -16 -59 -73 15 -31 -11 -24 -66 -13 3]
[-52 16 -32 -12 9 22 0 -4 11 -14 28 23 -46 10 -11]
[13 -13 -48 56 50 -50 -21 -23 18 10 18 24 12 -36 8]
[-22 -16 17 39 -31 -76 1 27 23 -31 -24 2 56 37 11]
[11 -19 -6 32 -22 -9 -8 7 80 50 19 -12 2 -9 1]
[39 47 81 82 32 43 31 10 -6 -21 -27 -46 -60 -27 -17]
[-52 3 1 -9 16 10 5 -24 16 -1 2 26 19 28 -6]
[6 -14 6 20 -14 -22 -19 -25 -28 -29 10 -26 5 -1 -3]
[4 -2 11 -8 17 23 -13 6 -2 8 9 -12 -9 -14 -17]
[-20 49 -3 -13 36 19 33 -25 3 -36 10 5 29 45 20]
[5 -37 67 42 -32 13 22 -37 -83 28 -1 55 20 79 -5]
[9 -5 -3 -19 40 10 25 24 27 79 44 -1 -40 -20 15]
[-18 -40 -48 -84 3 -86 -1 4 0 22 66 7 1 18]
[-14 -45 2 65 34 35 13 -5 4 8 -10 -11 -17 -75 -7]
[38 20 -41 65 -19 35 37 22 -51 -3 5 -49 -23 -9 3]
[34 11 -49 6 14 -10 -9 20 -55 -28 -69 -30 -62 -30 -15]
[22 9 -12 20 20 29 65 -41 -9 -20 -32 8 -32 -51 22]
[95 8 31 30 41 1 -47 -36 -10 -38 -76 -19 -24 -41]
[45 -7 9 18 -27 2 4 26 13 26 -4 -11 -43 -36 3]
[33 23 87 66 -34 18 -1 -24 44 -30 -14 21 -14 -3 1]
[-18 31 42 5 -32 -55 -34 -9 24 -15 -11 -20 0 15 13]
[27 -30 13 6 23 29 42 -33 7 -6 -5 9 54 3 17]
[-51 -57 -27 -22 -6 14 46 -5 -3 -42 8 12 19 16 12]
[-18 -7 32 45 15 26 -37 11 -7 -2 -21 16 -11 20 35]
[39 55 9 26 -57 7 13 -2 -30 -10 -28 23 -3 1 15]
[37 50 31 -44 13 -4 -24 -30 -2 -62 21 -16 -19 14]
[22 4 3 3 -6 31 15 -1 -24 -22 11 12 -8 -16 4]
[-74 11 22 38 1 36 -42 -39 16 47 -10 21 -50 -14 7]
[-97 -24 -70 -19 -45 53 22 31 -38 -4 -20 -25 2 -35]
[-19 4 2 -41 -16 -2 -45 0 9 -17 2 -7 24 -20 -2]
[-50 -42 -43 -58 -34 -19 -6 -1 14 -25 5 -11 9 -7 6]
[49 -15 -7 16 41 18 27 -20 -17 38 56 40 28 12 17]
[-14 92 26 112 64 -4 -29 -14 0 1 -6 49 -13 90 -14]
[-14 -47 -15 38 26 -9 7 64 24 -5 46 48 19 20 -6]
[-29 6 -41 12 0 12 26 -12 25 -15 32 24 -9 43 -11]
[0 13 48 -14 16 -14 4 -19 -8 -14 47 -6 -2 -14 -25]
[29 -70 -42 23 100 21 -42 -21 18 -40 22 -7 -11 31]
[30 -10 -53 9 13 -4 -30 35 -35 -20 7 -39 -39 -6 7]
[-48 -54 -24 0 7 10 -32 3 32 -18 47 35 -3 30 -4]
[29 0 -3 -22 -12 -43 1 -45 -46 -2 -5 -10 -20 9 -12]
[-36 45 -26 -55 12 8 -3 -54 1 33 2 -44 -15 9 19]
[1 -23 16 -15 -37 -12 -39 -15 -30 -34 -40 -35 -15 14 -3]
[6 14 35 -26 -11 -2 -2 53 -17 1 -26 7 -62 15 -10]
[39 91 -42 -26 35 22 4 62 15 -31 4 23 -17 21 11]
[-34 -7 -14 -1 -58 -20 -14 18 -24 11 -12 -16 -55 -10 -5]
[-8 -19 24 -25 -17 19 38 4 13 4 -18 -11 -12 -8 2]
[-17 -59 -26 4 27 58 11 -34 -14 -2 43 -5 9 11 1]
[-10 -2 3 13 22 41 40 19 -15 10 -2 -4 49 51 23]
[33 38 -31 57 -38 -4 2 23 -25 9 12 -9 20 25 -12]
[40 -12 -21 -57 -30 41 -26 -53 -71 -19 9 16 3 36 -18]
[27 -46 -27 23 25 6 -43 62 37 -7 -11 -2 -83 9 -3]
[-16 -67 21 -2 5 4 -26 23 25 -42 29 8 40 69 -3]
[-47 31 30 51 25 16 -36 9 -24 -12 9 84 84 19]
[30 -5 50 -5 7 15 -21 -22 -12 -7 -26 -5 26 -29]
[-28 -15 22 18 -12 -8 3 -21 65 18 -4 13 -94 3 -3]
[-33 40 7 -29 17 7 -22 59 12 121 -67 14 -47 58]
[-3 -23 -48 -18 21 62 13 39 -23 -51 -25 -26 19 -53 4]
[-30 8 -5 -50 3 -9 -45 1 -18 14 12 5 8 11 -24]
[-2 49 0 12 34 23 -27 -22 -14 -13 -30 0 21 14 -37]
[-9 -38 -20 -13 6 41 24 -16 13 33 -2 49 33 40 -3]
[-36 -6 -22 23 25 28 4 -7 -44 -10 -22 -4 4 -7 24]
[-36 -45 -37 2 58 -20 -52 72 38 -34 -40 -31 -66 -78]
[4 -20 -4 -4 -43 -5 -5 -23 37 -27 6 22 -3 30 -47]
[42 -1 8 -25 -10 -4 19 -13 -44 -17 -59 -77 -36 -54 14]
[-6 -5 27 5 13 11 -28 37 -29 -17 -7 -12 18 14 31]
[16 16 66 -34 64 -39 -5 -6 -32 -61 -56 -44 -3 -23 -7]
[-21 2 21 30 37 35 28 18 25 -22 11 0 -13 -24 11]
[67 16 47 18 40 8 35 34 32 14 -73 -59 -5 40 -6]
[52 -56 9 -22 33 25 -4 2 18 10 5 5 -4 -5 1]
[-5 -46 -5 -3 -37 40 26 -46 1 -22 -8 -35 -4 17 -4]
[-10 -36 -37 -13 -57 -58 -52 8 13 9 22 12 23 21 18]
[16 -41 -60 1 -6 -22 10 6 30 51 6 25 25 -20 -15]
[15 8 -32 14 -11 28 -41 5 16 27 -18 55 -6 15 48]
[74 41 45 -10 -21 27 -13 22 45 7 -48 -68 -27 -42 2]
[-38 -49 6 -58 4 -8 -36 -12 -4 -17 1 14 -19 -26 -7]
[-14 -3 2 4 -5 -4 -19 -13 -28 -36 -32 -19 -14 -12 -25]
[-5 -40 2 -13 9 22 36 -45 -35 0 41 28 80 9 18]
[4 -34 -28 11 -35 -27 -47 -27 2 41 41 20 -4 25 7]
[-6 10 -13 23 -7 -26 16 28 80 40 20 29 20 -4 8]
[20 21 -2 -9 -14 -35 -38 -42 -29 -9 -30 -12 20 42]
[26 42 -25 30 24 -10 -29 -5 -12 29 33 2 50 15 -22]
[-6 -85 -38 24 75 25 -15 18 36 32 0 34 -9 -18]
[48 19 16 -30 1 -5 9 55 -47 -2 -36 17 -1 -19 75]
[14 0 15 18 21 36 27 8 0 -5 1 -18 -36 -4 12]
[54 10 49 40 18 46 13 -10 20 9 -47 48 2 -26 1]
[-10 -17 57 14 -77 -15 -2 24 54 20 15 25 -8 -8 3]
[35 5 -76 7 -8 58 -4 72 16 -20 -2 11 1 -56 -10]
[-27 -6 14 -12 56 -35 -11 -36 -13 -10 4 -65 12 38 2]
[-19 -40 -43 -40 -24 -23 -11 -7 -18 -9 -1 39 19 12 -3]
[-20 3 -20 -18 -34 -3 -4 -25 1 2 -11 8 2 -4 12]
[-11 -21 -11 -42 2 56 22 27 -9 36 57 -22 29 62 -8]
[-5 2 -6 -29 8 6 -15 -6 20 -6 -5 34 12 11 9]
[96 -15 67 -7 -30 -40 25 -40 16 -9 -36 -23 -17 -5 -23]
[38 -36 24 -41 8 -58 -26 31 32 -28 -9 4 16 -22 26]
[-42 -6 -44 42 -33 2 29 9 7 -81 -24 -55 6 -17 -25]
[-21 -25 -16 -36 -6 -30 -24 -13 -48 3 -19 28 -24 34 -19]
[14 43 -14 0 -24 2 -15 -33 5 -24 36 -76 29 -31 9]
[-5 -16 3 1 53 -27 -31 14 13 -18 50 -48 -39 22 1]
[3 29 21 24 -23 30 -14 40 1 7 -10 -35 -29 -75 -24]
[-77 19 -24 47 -46 -13 -21 38 12 0 -14 -21 -37 -43 4]
[-30 -28 20 18 59 16 45 20 -15 -7 -20 -24 -20 -27 -5]
[36 -11 16 62 38 -8 7 12 -18 -48 -2 -21 -11 -36 -33]
[7 0 -12 -52 4 14 -2 -9 2 7 -1 -21 15 72 19]
[15 5 -34 72 20 54 4 -10 -6 56 -2 -41 -53 -34 -2]
[-5 -25 -11 23 27 9 1 -2 44 -2 -64 -43 -43 -31 -24]
[0 3 -9 16 49 50 -2 12 20 -35 -51 -44 2 -9 -5]
[-78 -50 -59 -43 -38 2 29 9 -2 15 4 -8 35 2 38]
[-27 2 12 -29 -2 9 -12 -8 5 15 -55 62 -29 17 -8]
[2 64 43 -17 23 20 -21 -13 11 2 7 -46 10 -8 -2]
[-61 -19 12 -43 62 -12 -3 43 24 -9 80 27 11 -16 14]
[25 28 30 -10 24 20 21 17 0 19 8 11 8 -13 2]
[-39 -26 -67 -19 22 -13 35 25 23 67 -11 15 -3 -6 12]
[-3 62 69 8 -20 42 30 -69 -38 -13 -18 -38 16 21 20]
[-2 7 -27 18 46 2 -26 34 -19 43 -4 -39 24 -6 -2]
[51 27 20 51 13 17 2 -23 48 36 -29 31 -22 -25 36]
[-36 -38 -1 24 -3 -26 -25 4 -36 -41 -21 9 36 22 -32]
[-24 30 -25 12 22 31 28 -11 60 1 62 -20 42 13 6]
[12 -45 4 -11 5 13 18 -15 23 -21 9 2 21 39 8]
[-18 24 34 5 8 -43 -6 -8 -22 1 7 17 4 4]
[42 2 -58 -17 -64 -58 8 -29 -37 35 -30 -43 -3 7 1]
[7 118 -13 31 6 -28 -25 -43 20 116 -19 -8 -5 59 -2]
[40 50 -2 44 8 33 50 56 69 37 16 0 -56 -13 3]
[23 -4 10 33 -5 -30 57 -30 -9 24 12 5 57 -27 -21]
[-5 -5 -17 -61 -35 -7 -25 -35 -11 -3 -56 15 -14 -8 4]
[27 44 21 49 16 2 22 19 13 35 20 19 -17 22 -4]
[30 12 -44 24 -8 7 3 -29 -52 -3 -61 -20 -22 -43 7]
[37 -6 8 17 70 60 18 -5 -53 -59 -12 -8 -13 -11 6]
[15 -24 -45 -15 -61 -10 -68 37 -14 -54 8 -14 43 -3 -10]
[19 14 -11 -32 15 -15 -23 21 -12 23 42 -24 -4 17 30]
[12 -25 -3 -27 44 7 5 9 -15 28 -13 55 11 26 25]
[34 42 -4 20 11 -18 63 3 11 -6 31 -16 0 32 -3]
[38 -44 7 53 -24 30 -9 -3 23 49 33 24 55 -49 -37]
[7 18 6 6 20 18 -13 -1 -4 -45 -9 25 -33 -20 -26]
[9 7 -22 33 -27 -11 -43 9 4 -35 10 -55 -62 -49 17]
[29 18 8 13 7 -45 -28 -1 28 44 9 -24 -47 -31 10]
[-5 39 -8 -50 -5 83 7 35 40 -43 13 -40 0 -40 1]
[12 -9 -10 -38 -39 2 -18 42 47 7 -7 -15 -5 11 -13]
[34 2 -44 -14 -36 -41 -17 -26 7 -18 -67 26 -16 61 9]
[-18 31 14 39 -9 4 62 43 -2 -17 15 38 -4 39 2]
[-48 21 -44 -16 27 -8 -1 -20 -35 -10 -5 -27 -60 -37 -12]
[15 -5 -26 -22 -34 28 28 42 -10 -14 -9 -41 -6 -5 -22]
[-18 -3 45 -29 -5 1 -29 -3 22 -68 12 -7 -17 29 -18]
[-8 3 2 33 -14 2 -12 16 -21 -9 1 86 36 73 -41]
[20 -5 -7 -4 17 32 19 0 -45 4 -8 36 27 7 -37]
[10 37 22 21 -35 -32 -56 4 -45 36 59 -5 -8 39 5]
[-8 -38 48 -50 10 16 50 -2 -6 -50 -10 14 -8 11 3]
[-11 1 -36 -40 -36 -13 -15 -17 2 33 19 -15 -15 -21 -3]
[-37 21 -29 -23 18 -44 -45 -34 -12 -11 13 -13 -19 -21 -5]
[-28 0 1 -28 1 -21 0 8 74 -25 -29 -29 -16 -29 -46]
[-22 -35 -11 -38 -17 -49 -20 -27 15 -13 6 13 5 11 1]
[20 0 24 -26 -12 18 -32 1 -10 -4 12 -8 -26 16 -28]
[1 13 22 -4 -35 9 -1 17 -9 21 15 2 39 17 8]
[32 8 27 8 -34 -55 6 -51 -40 -12 36 -29 -63 -28 9]
[11 -9 26 12 -10 42 34 39 -28 65 31 8 -19 7 -5]
[37 21 49 27 27 0 22 -13 -25 12 25 14 -19 -11 -10]
[-31 -34 -22 -50 5 42 46 87 26 2 48 -3 3 46 4]
[33 12 7 13 49 19 15 30 19 24 8 33 1 12 9]
[-5 -9 -25 -18 4 9 18 55 17 41 2 -73 -21 38 4]
[-10 10 -5 29 4 29 4 -27 -27 -42 -21 -21 -61 -56 -5]
[-44 -69 -37 -10 12 0 -2 -5 -8 -12 71 50 2 44 1]
[6 49 10 28 24 -17 21 -44 -7 -8 37 -9 -17 2 9]
[-1 -56 -12 6 5 -12 -2 17 -11 -20 39 -3 -42 37 3]
[-6 -9 -17 -11 4 -18 -11 23 30 12 -15 -25 -33 -35 -2]
[-2 4 -43 -13 -21 29 63 26 9 41 26 24 10 8 6]
[-27 -33 -4 15 -1 -12 22 7 -20 -19 -1 -5 36 17 42]
[28 31 20 28 23 -2 18 7 32 29 17 2 13 13 -2]
[71 -77 67 0 -3 -23 3 -21 33 52 21 58 9 9]
[25 9 9 5 20 18 -25 -1 -29 -22 -45 -2 16 -17 -43]
[-16 47 20 -39 67 11 67 24 19 26 5 71 -15 -17 1]
[-5 -38 32 32 17 10 -33 -38 -16 -17 -20 20 2 -12 28]
[0 -29 38 -19 -23 0 9 -28 -41 23 28 34 -5 -12 28]
[-53 -30 -14 1 29 0 -37 -24 11 -9 25 -53 9 9 5]
[-2 20 8 57 -17 16 41 16 -32 -41 -5 15 18 83]
[24 20 -19 103 -26 13 -23 20 37 12 -25 -24 -24 -21 1]
[45 5 -29 33 35 0 5 48 -14 31 -20 51 31 52 3]
[32 -14 13 -16 35 17 -15 12 -58 -32 18 -25 26 -58 12]
[-7 5 2 6 -11 9 0 1 28 19 44 31 29 27 6]
[14 5 -6 4 13 -37 -4 5 19 -9 9 -6 3 -8 1]
[13 3 -31 33 -14 55 -6 40 -23 -1 -12 20 -7 14 -4]
[39 18 28 -37 17 -41 41 -10 26 25 -1 49 -30 24]
[10 12 -12 6 -15 19 -3 46 -29 17 -25 8 18 -12 -7]
[-5 32 15 56 2 19 9 0 -17 -16 33 -18 63 25 1]
[-15 -34 -52 24 8 -24 -21 7 -60 -32 0 -37 2 11 2]
[-8 -15 -49 11 7 -9 -27 -11 7 -1 -3 30 0 9]
[42 1 -7 24 -10 -9 36 -3 -36 -2 -31 -6 32 36 1]
[8 8 -9 4 30 -38 -3 -24 -21 -51 18 -18 41 -29 9]
[33 -55 -111 -9 -31 -47 -32 4 -38 -59 -109 -57 -23 30 2]
[-32 -12 7 -10 -4 47 21 -13 -13 -18 -26 1 17 -35 23]
[26 -22 5 15 24 23 55 8 -12 33 37 40 14 7 30]
[-20 -51 -17 -23 -38 -65 -45 -22 -20 32 1 9 27 17 -2]
[-2 -33 21 -26 -37 -9 -11 17 -9 29 46 -44 11 -17 -33]
[41 9 -33 48 2 -16 13 1 -41 -25 -11 -11 23 23 5]
[6 32 17 -8 2 38 9 20 29 -29 4 -20 -3 -40 -17]
[-33 -6 -2 -47 22 37 -38 -13 6 30 -17 -2 11 -6 28]
[42 -22 -11 -87 -10 -48 5 -22 -3 6 17 15 36 35 20]
[2 27 -15 -26 -21 -23 -27 -32 0 -16 10 7 42 -22 7]
[-9 -39 20 43 30 14 14 12 29 3 1 -4 -21 8 -5]
[26 -42 -2 -46 4 -43 -55 -96 -63 -24 13 -37 -23 41 1]
[44 22 -19 -48 19 -45 -26 -71 -4 -17 -29 43 4 -5 -22]
[6 -27 11 -63 -5 28 -30 8 -36 -12 -14 -26 47 43 -15]
[-6 3 6 -9 -10 31 -41 13 40 24 41 43 20 45 -2]
[37 -12 -2 1 12 1 -15 -20 -16 -7 -41 -24 -49 -7 16]
[19 -23 18 64 15 -12 6 -23 -15 5 -19 6 41 22 40]
[49 6 31 -29 66 -22 -6 47 -66 -53 -8 -64 -11 -20 1]
[30 -74 -31 -4 -26 47 -16 -24 -8 82 -20 24 5 20 7]
[-34 4 -44 -17 30 28 -8 29 0 15 -22 30 21 -31 -12]
[14 -16 8 26 -31 33 0 -4 -3 6 -20 -10 22 -19 -13]
[-33 18 20 15 -28 -14 -17 -18 -28 -43 52 -3 1 17 25]
[-14 -14 6 -22 3 8 -8 -18 20 68 77 53 -9 -48 -2]
[1 7 -20 30 -10 19 -9 -9 -1 52 58 39 -8 1 25]
[25 -40 -22 50 -15 -16 -26 -42 57 -9 17 18 -24 21 -9]
[-12 1 -42 -43 -96 -60 -27 37 -4 -9 -3 36 1 -30 -2]
[-10 -13 -22 -3 -30 -14 29 -30 1 4 -17 44 10 26 1]
[-21 -50 -13 9 -18 10 -19 1 -37 -15 14 -24 -16 4 19]
[-9 -4 -36 16 -2 4 7 -50 5 11 71 36 -56 -65]
[61 1 42 15 4 -27 5 -21 -26 39 31 14 -22 41 2]
[-48 2 9 7 39 0 -4 -39 -13 5 2 34 -1 -16 1]
[48 47 35 3 68 -8 -35 0 -7 -11 51 44 -28 29 4]
[36 66 2 -2 55 13 22 20 -26 35 30 14 28 -1 -22]
[-24 -34 -7 15 -8 40 27 -3 -21 24 -34 -34 -49 -26 -16]
[14 18 -6 26 27 23 40 -1 17 33 -30 11 8 14 -12]
[18 -39 39 -15 13 12 49 27 43 21 -3 -13 0 8 5]
[65 1 24 -11 35 31 19 -11 -20 -30 -20 4 30 8 3]
[-36 -6 -33 -17 -14 -26 21 19 10 12 35 26 -13 -1 -10]
[21 6 -1 4 -15 -22 9 -20 14 16 23 20 33 50 -23]
[-2 45 16 -41 -31 -7 27 -44 -33 -61 -12 37 -19 12 -22]
[-17 -10 15 -36 -30 -2 -56 -18 22 1 5 12 -6 -1 1]
[-11 -23 4 -69 7 -6 5 -38 -8 -38 15 -74 16 22 1]
[47 -32 30 29 80 -23 34 -17 45 13 23 39 -10 -50 -33]
[74 -38 -4 -57 28 -67 -79 -105 -87 -35 -29 -21 -41 -18 -5]
[-14 10 -15 -47 -30 -5 -23 49 -7 -53 -31 -7 53 -18 16]
[18 12 -24 8 -5 11 -4 -19 -59 2 -4 42 14 26 38]
[21 -36 -121 -41 -48 -5 -10 -60 -64 -25 5 0 -53 51 1]
[9 -4 30 18 9 -11 16 -55 -25 3 48 22 -14 -4 9]
[13 -6 12 -5 -26 -31 25 -42 -8 33 -6 7 -4 16 2]
[4 -28 -20 9 22 -8 -2 16 12 -35 8 0 -9 -10 -14]
[-20 -90 -27 23 -33 -22 35 17 -20 -39 -62 -19 15 -2 1]
[-29 -46 -30 -82 -16 -22 14 5 -27 -27 -29 -45 5 -25 -6]
[-14 -5 -13 13 -1 10 21 28 19 15 14 14 11 21 22]
[24 -45 -3 -35 0 10 -8 3 58 44 31 20 -2 -35 -17]
[30 -20 -69 17 51 -41 46 -15 -10 71 1 -5 -54 -11]
[-17 45 43 0 29 -9 35 32 7 -32 -17 19 -35 -46 -6]
[-3 49 1 57 19 -12 30 56 10 -20 -59 -72 15 53 23]
[-18 -20 -1 16 0 -7 -47 -2 -13 14 -20 -15 -9 14 -5]
[11 -18 -40 -10 51 34 14 -42 -47 -17 -30 -48 -58 20 22]
[-8 -25 -11 3 2 6 -6 -37 -64 -57 -7 8 16 34 3]
[42 12 -77 -3 -1 42 64 20 -5 16 13 13 55 -7 -8]
[45 8 -3 54 -5 -37 -95 -80 -39 38 59 28 2 97]
[28 23 18 -42 5 -37 -13 -30 -26 1 -37 -21 76 2]
[-27 35 22 4 7 -2 56 -16 58 14 0 -41 -30 6 39]
[67 47 -4 -13 113 31 -7 -2 67 67 59 -74 3 -52 8]
[-12 5 17 -7 4 -25 -21 0 -21 2 13 68 65 69 8]
[17 36 45 45 -11 -7 -19 -21 -16 -11 -41 -7 -34 -46 -38]
[41 -17 20 17 25 -58 7 -4 12 26 73 3 -26 -19 5]
[-35 -14 -19 -37 -5 23 0 9 32 8 -21 34 18 45 -21]
[22 -23 -30 11 26 6 -33 -5 13 -16 -3 10 38 -9 46]
[-13 -34 -20 -5 17 -7 -6 -11 -23 -19 0 16 -2 36 1]
[44 -57 -55 -52 20 6 41 -16 -14 -77 1 -40 25 26 -4]
[-12 -13 9 7 24 -11 -46 -22 -20 -10 38 28 -21 -9 30]
[72 2 28 54 -15 46 25 1 -18 -30 -29 -6 -23 23 -2]
[-25 27 32 -15 29 78 -26 -51 -42 -1 -20 19 -4 -27 -10]
[8 3 -17 5 18 -19 -13 18 -54 11 -9 -29 26 -46 -17]
[37 -60 45 2 -16 25 10 -9 8 -24 -3 2 -44 -1 12]
[-9 18 -24 -13 -12 19 -30 -7 -17 52 -2 0 25 7 17]
[21 21 -12 -41 -3 6 7 -7 3 22 26 18 15 49 28]
[12 11 51 -18 -12 -7 3 -41 -12 10 15 33 -21 -33 -36]
[-5 -12 -16 10 -14 1 5 6 6 25 65 47 70 60 15]
[-9 -30 -48 -30 -3 -12 -50 7 2 -16 -7 14 1 0 2]
[17 10 -16 -3 -71 30 -40 19 -17 35 10 -8 -12 -40 25]
[43 43 3 -12 18 42 -4 -28 21 13 0 -6 -37 -5 29]
[4 -13 -23 -7 -8 -8 -21 -8 -29 10 -5 8 -20 -16 -13]
[-21 -17 1 -6 38 -44 12 4 -24 28 -7 -20 -20 -4 -22]
[35 -3 -30 -25 0 43 -2 -8 18 35 12 50 5 -51 -5]
[-11 7 -36 4 17 -3 -34 -28 -48 -10 16 -14 48 52 9]
[-17 -14 -7 -1 -2 -15 -41 -22 0 -9 -4 19 -7 -66 -25]
[-18 -25 3 27 -13 2 -19 10 -58 -5 -26 36 -23 -30 -4]
[-47 -6 -21 -12 -31 14 -40 -22 -20 -29 -17 -17 -29 4 32]
[-51 -32 -18 35 27 -10 -35 -53 -8 11 19 17 -37 -42 -4]
[38 10 -5 -57 13 29 -32 30 42 -39 4 -26 23 68 16]
[8 -11 7 19 19 27 7 12 7 29 22 -3 -38 9 24]
[38 40 38 -2 16 16 31 -13 -25 -21 27 3 37 7 24]
[41 18 -27 -17 -42 47 17 25 -40 45 9 23 33 5 25]
[-4 46 33 34 49 -7 59 1 33 13 7 28 53 0 7]
[-2 9 -2 -38 -15 50 19 12 38 -13 -15 6 44 22 -35]
[15 48 5 -14 -24 27 -24 21 11 -61 7 -35 -29 -16 26]
[-2 10 7 -1 6 20 -9 38 10 -11 10 16 -23 36 10]
[17 -6 -4 3 14 2 41 16 27 24 -21 -13 -2 -14 -10]
[-29 -45 -51 -24 -12 -13 -81 -89 -60 -5 -1 -7 -33 -26 -9]
[24 11 37 33 43 10 2 2 -19 0 -7 -4 13 -10 -3]
[8 22 -14 -11 -11 -10 -3 9 2 1 22 29 42 20 -15]
[38 -9 24 -1 18 17 -3 19 -7 -1 23 -22 25 -18 -3]
[-25 -25 5 -15 -2 -17 -1 -26 -15 22 -6 -9 0 17 -5]
[16 -48 -54 -6 35 -59 -15 -5 34 39 -5 51 -6 66 6]
[-59 32 13 -16 -24 -39 -49 -38 -34 37 -63 11 -39 9 21]
[15 -18 3 29 -51 -31 10 11 31 -2 -21 17 -33 40 2]
[-3 -12 10 1 -8 19 -11 -4 20 -34 66 -16 46 -21 -10]
[-43 -36 5 -36 -15 -16 -1 32 -34 -30 29 51 -22 -7 30]
[-14 34 7 -27 -5 8 -4 0 -5 3 35 31 -25 4 10]
[-44 39 30 63 13 38 28 42 66 30 39 35 -10 -20 2]
[-34 -63 -43 19 12 -55 -31 -14 23 -47 -22 -78 -33 -81 11]
[19 44 -1 34 39 11 33 24 -34 4 59 -21 -35 -19 9]
[-19 58 50 -3 77 1 17 0 -14 -39 0 -34 2 -51 -2]
[17 18 -12 -1 14 -5 27 49 43 12 -25 56 54 30 11]
[27 -16 46 34 14 10 -9 18 -14 -80 18 -42 -27 -24 11]
[0 -34 -7 9 -1 -15 17 -11 -22 9 -22 7 24 1 1]
[2 18 60 67 11 -36 -25 -11 -10 18 20 -50 -25 -32 27]
[35 -6 42 27 103 -1 12 41 -20 -8 -2 31 -26 -12 5]
[10 -35 31 -62 -15 -38 -15 -46 33 -45 11 14 46 -53 4]
[-4 38 26 -8 -6 -25 21 -9 -4 -27 -17 -18 -32 49 -15]
[7 -69 -3 12 -36 -14 -17 -15 -27 -3 13 14 -35 -18 -30]
[17 3 11 -11 -9 -14 -19 -39 -45 -21 -20 -5 -31 -21 -7]
[-29 -53 -3 -7 -17 23 5 6 -9 15 -35 -63 -17 -19 -25]
[2 20 -15 19 19 -20 22 -55 -11 15 -23 -12 10 -11 26]
[46 20 17 5 -64 -72 -47 -24 3 -22 -31 -36 -2 -13]
[2 -15 -20 -28 8 -16 -24 -2 6 38 35 28 -11 10 -2]
[29 36 -32 -18 22 -21 -6 -2 15 10 18 26 24 -26 2]
[6 -8 -8 -7 34 31 -4 -19 -19 -41 -44 -45 -19 -42 15]
[-25 4 11 21 -13 -26 5 20 -34 55 9 41 66 -14 7]
[3 -18 25 -12 25 -2 -27 24 -19 14 -29 28 -30 -2 15]
[14 14 4 31 30 13 33 32 46 73 79 40 14 10 -11]
[37 1 -1 -26 43 -92 -3 -67 4 -50 17 -5 21 22 26]
[2 60 42 -7 -25 -39 -58 -3 5 -14 -3 -18 -26 -61 -16]
[-20 -16 -30 11 -46 -19 -41 -47 -15 -40 17 11 31 -2 30]
[-24 -22 11 9 17 -20 -18 7 26 23 37 13 -35 -23 20]
[17 -11 18 20 1 4 -32 22 -52 34 -39 -13 18 1 -34]
[30 4 -27 8 -14 -18 -8 6 7 -1 -26 -19 -4 -17 -5]
[15 -57 -12 -13 -37 17 16 13 30 84 13 -20 34 2 1]
[70 -4 -17 -35 -29 37 15 -3 -49 -32 -36 -13 56 -4 -5]
[-22 -17 24 29 21 22 -29 54 -16 3 7 38 -9 21 69]
[-13 -26 -33 -24 35 -7 40 21 25 -17 17 9 -2 19 -10]
[-28 15 12 -40 37 -19 6 4 9 37 -12 12 30 -63 12]
[26 5 27 -2 2 -13 -16 -25 -34 -38 -4 -21 18 4 -3]
[-31 -20 4 13 -10 19 4 -25 -49 -12 49 15 16 73 10]
[-28 50 17 16 44 46 20 -40 -40 25 -10 7 82 41 1]
[3 -52 54 -6 72 -17 27 -1 19 -60 32 76 -18 14 6]
[-20 -5 -21 -8 -38 7 1 7 -14 28 16 47 0 -14 -10]
[35 1 -29 -15 0 -5 -23 -23 -18 -8 -9 -10 -5 8 34]
[29 -41 12 16 46 25 1 -25 51 -12 24 35 -20 12 32]
[17 -44 -22 -11 48 36 -49 -50 16 -5 -55 17 -17 -76 -29]
[36 7 -4 40 -24 -6 -44 -18 -2 29 -7 -19 -24 -41 -5]
[-19 -15 -1 -39 -3 -6 -26 -19 -52 -25 -12 -2 -1 5 -2]
[65 17 8 -31 15 -8 -32 -6 -19 -14 -39 34 -73 -63 15]
[-3 -29 -3 -37 -10 -16 -17 8 0 3 19 16 19 50 -7]
[-23 10 3 -6 -27 -15 10 -20 -66 -29 -13 -41 -30 6 2]
[28 28 8 10 22 15 6 39 32 26 4 4 -34 9 -12]
[22 -25 -21 3 5 -21 4 1 -5 22 20 9 33 -1 50]
[25 -44 36 -50 -45 -47 39 -19 10 17 10 49 26 -26]
[9 11 38 16 -3 -12 -18 -5 -4 -15 20 18 42 36 1]
[20 4 54 3 5 -9 1 1 -16 21 3 44 -30 -6 -17]
[-23 23 -26 25 -38 3 2 -15 7 -2 7 53 27 41 15]
[-7 25 -48 32 -6 6 -4 -15 -21 -32 13 3 11 -7 10]
[-14 26 -38 6 2 3 74 4 30 83 16 10 30 23 -13]
[-45 -47 -44 -32 -30 -8 -27 10 -32 -1 1 -22 1 36 35]
[46 14 42 15 11 11 7 2 -36 10 -4 -5 -9 6 -13]
[20 21 5 17 9 21 31 -3 -18 2 -4 -22 -6 -6 -3]
[101 81 -9 -36 15 15 13 -22 -17 2 69 15 16 30 3]
[-23 29 -21 77 -22 2 -11 -8 47 32 -18 -35 13 -20 -12]
[-16 2 7 -23 12 -27 20 10 62 18 10 -41 -31 -12 -17]
[-6 35 37 7 13 1 15 -9 -37 27 -13 -29 43 -3 8]
[-36 -17 -12 -1 -10 28 19 28 14 0 3 -3 9 29 2]
[-36 -4 -17 22 2 5 27 -8 16 -38 -12 -24 -29 -3 17]
[22 -63 -35 -39 -58 15 -60 -11 22 53 7 11 -67 33 3]
[5 -24 -15 -6 5 3 13 -11 33 19 19 39 58 26 58]
[39 19 14 27 1 21 7 11 48 -1 -27 -34 -40 -18 -15]
[10 -91 18 -69 20 -58 -22 -41 35 -48 7 -1 20 29 13]
[36 -19 -15 -10 -14 -4 10 3 -21 -29 -12 54 8 -30 -2]
[-25 -38 -2 10 -40 -9 -23 14 -4 20 14 23 16 -7 -49]
[31 19 35 -10 14 -10 20 33 10 9 -14 23 -3 32 -44]
[-25 47 -34 -4 23 19 7 11 20 1 35 52 -4 -3 6]
[31 -17 38 -30 5 20 6 9 -4 -1 -3 3 -26 -20 8]
[-28 2 21 -5 3 -4 -14 -3 -3 -13 8 6 -3 -21 -53]
[54 26 22 31 3 -23 -17 3 -3 -7 -8 -50 -20 -59 -32]
[21 8 24 0 21 -16 43 -52 -14 -13 -22 45 -53 29 -2]
[-55 -17 2 -46 -16 -34 -17 -57 -5 21 58 -32 -26 -36 -10]
[8 -19 4 -2 -29 -3 -74 -15 -21 -3 -5 8 -43 -12 -2]
[-59 -20 -16 24 -5 43 43 23 26 -34 -42 -11 3 -19 -4]
[-1 -7 -16 -20 31 3 45 7 -14 33 5 -44 27 -19 -10]
[47 4 28 -5 -11 14 10 -9 11 6 -30 32 -21 11 13]
[-33 -32 17 16 -23 -36 61 31 4 32 16 -8 8 22 -14]
[10 16 51 55 12 -4 -3 -4 20 15 -19 -19 -17 8 -42]
[22 0 -69 -53 -35 -33 -33 -22 17 5 3 0 -12 3 -13]
[36 -2 9 19 12 32 -6 -18 -9 -4 -10 -6 17 -22 -19]
[-16 -59 -34 8 -11 26 13 2 39 8 -43 -17 -40 -2 23]
[105 13 31 -16 -12 -18 39 6 32 -12 -13 -20 -39 -89 13]
[5 23 4 -32 -3 -9 -4 16 37 30 24 26 34 12 -18]
[16 -9 41 -4 -10 -3 47 -2 4 -48 -15 -10 -55 18 33]
[7 40 -31 -10 33 28 36 -3 26 55 33 32 58 -45 48]
[-19 -12 -30 1 -6 1 -8 -13 -7 9 -18 -9 -9 -12 11]
[15 -7 -37 -25 20 17 1 11 -2 -21 23 -3 -38 -34 -25]
[20 33 45 11 -3 13 -10 -7 10 21 -30 -26 12 -11 -5]
[27 7 36 -11 2 -16 5 -6 -40 1 -55 -3 -10 13 -17]
[-8 27 -3 -15 0 -39 5 5 -3 6 -59 -21 -8 -8 -7]
[42 -28 15 33 -15 -10 53 -12 26 -49 50 -46 20 -3 1]
[-24 3 24 12 -6 -54 58 -52 12 6 -12 56 21 -49 3]
[-26 -3 -15 -24 -52 8 -51 18 1 -4 12 32 4 -24 12]
[18 5 -5 -63 -46 -11 -22 -20 24 10 28 14 29 15 42]
[-9 -8 3 -34 15 53 2 3 77 34 -4 20 35 -48 -16]
[-71 -73 -155 -43 -30 45 -8 34 -24 -6 7 -1 -27 -16 1]
[-22 12 28 35 0 24 7 10 12 -8 1 -8 -2 -2 8]
[11 -44 -25 -7 16 -8 -26 -26 16 -41 -17 -4 21 27 2]
[-30 -5 -55 -15 19 17 21 -41 -34 -24 58 3 -22 -33 -27]
[18 15 -40 9 20 67 12 -11 -35 4 55 33 13 -1 12]
[37 -29 34 -7 -33 11 -37 18 -6 -3 -8 13 -13 -18 27]
[-23 11 23 -27 26 18 12 -5 41 8 -53 18 13 -49 10]
[-5 26 -28 21 -24 -8 -22 -14 7 20 47 30 23 9 35]
[10 15 -56 12 59 -23 13 29 35 -12 -20 2 19 8 1]
[9 -22 -12 -63 -47 -23 5 -36 65 -18 -62 -5 -19 15 11]
[18 20 11 -2 6 36 59 -45 19 42 -7 -6 30 23 -2]
[1 1 -16 -43 -3 -8 3 -16 -7 24 37 23 -26 -35 1]
[29 37 18 6 6 -22 -7 -25 22 36 36 11 -38 -10 12]
[-33 -23 -34 -61 -24 -18 -25 -22 8 14 10 3 6 51 -13]
[-8 -55 -62 -43 36 53 39 0 -7 23 13 -73 -52 -20 -2]
[-28 3 -14 -7 -66 -13 -48 8 -19 16 34 11 37 -7 -9]
[-10 -11 30 18 12 -6 43 2 -12 16 18 15 7 34 6]
[3 -20 -8 -43 5 -1 4 46 -5 25 25 26 22 -12 56]
[-67 14 -18 59 72 55 14 -25 -26 104 13 -21 25 27 1]
[22 8 -19 23 16 -26 -36 -39 -72 3 8 -29 19 -14 -9]
[-17 -31 29 -7 -13 47 -63 52 3 21 -20 -36 -11 -33 1]
[-1 25 16 -39 39 19 33 32 4 31 -2 -38 16 42 2]
[36 14 20 31 -35 6 -18 4 -40 3 -8 30 -27 -1 59]
[-2 -47 -7 51 -9 -25 -37 -17 -38 12 -2 -46 25 59 -44]
[20 -19 -79 -32 -34 5 15 -4 21 -12 -18 44 -17 11 -6]
[20 -31 13 -12 26 38 -16 14 -49 30 -54 -14 -29 11 7]
[16 0 91 8 -1 66 -8 -47 17 28 -11 13 44 32 -3]
[-8 -38 16 -15 -61 -3 27 -14 -21 17 -10 -34 15 27 -12]
[-22 -57 -34 25 41 5 -70 -11 3 -40 50 -8 37 9 -12]
[-59 3 -39 29 -12 -3 2 12 -45 2 -37 -29 8 -7 13]
[16 -13 -8 17 -6 93 -31 -5 24 37 -58 4 -59 -23 28]
[-2 53 49 -7 -11 -55 -21 8 62 31 33 -30 12 -5 18]
[20 42 52 40 8 -16 15 -5 4 26 16 -1 8 -32 -26]
