15
1000
[-35 13 -28 -33 -60 -11 17 -26 -40 10 2 -5 -13 -35 20]
[2 25 -13 42 41 47 22 23 19 -34 -45 -64 -17 -31 29]
[55 27 24 -39 -20 -16 -25 -53 -42 10 -24 3 -19 -17 30]
[-21 35 0 4 5 32 36 -25 -5 5 -39 -86 -5 -44 18]
[8 -48 -8 -6 28 1 33 8 35 19 28 68 38 4 17]
[20 -5 3 -8 1 23 20 -8 15 21 0 -13 8 16 33]
[8 -15 -22 -55 -35 11 -8 -32 -19 -25 -25 -14 26 1 -15]
[27 -28 33 -31 -28 14 -41 -40 -51 -12 -45 -30 -67 -24 -5]
[-75 -62 82 17 -34 29 19 -19 -16 69 43 16 -23 -70 -5]
[-7 11 -67 8 19 -14 -51 51 46 28 29 0 12 17 21]
[-18 34 11 34 34 26 11 12 22 -20 32 -18 52 -25 4]
[-7 -7 10 31 0 21 22 53 62 36 10 33 3 50 24]
[47 39 -10 -25 -38 -11 31 -43 -33 22 -37 -36 -13 -43]
[17 24 11 38 37 7 87 3 77 30 52 -27 35 5 25]
[-12 22 -54 -45 -13 30 -47 6 -9 12 3 -34 -5 12 4]
[-31 21 -4 -60 73 -18 35 7 22 -24 -31 -23 29 19 -2]
[23 -10 -8 9 60 36 11 -24 21 -8 -31 -37 -40 -36 -10]
[8 -8 18 11 10 60 5 19 8 1 -27 18 23 15 -15]
[37 23 -33 -34 1 -16 16 14 -43 -36 -3 26 14 42 -12]
[29 25 0 16 -17 -39 5 18 24 -4 -47 -56 -11 -56 2]
[21 4 40 -36 -1 -48 2 -31 -14 -42 -38 -16 6 -15 2]
[79 -3 -13 -28 -23 -21 35 -38 59 33 -27 42 -9 -26 -5]
[41 -3 -15 -55 19 -36 25 -36 12 -8 -29 51 16 -35 13]
[-49 -8 -21 -31 -50 -14 -29 -27 0 -4 -4 -35 6 24 -5]
[45 6 -17 -23 -49 12 -32 23 23 30 -1 14 46 24 -12]
[32 26 -23 -18 25 -7 -59 -19 -16 -39 10 -12 -1 -19 14]
[42 -28 49 -41 -7 11 53 -3 -7 -25 2 11 -38 25 3]
[-3 18 17 58 53 39 25 31 46 24 1 26 -4 39 -20]
[-1 27 55 42 18 97 2 28 -31 -15 -23 -24 25 23 2]
[-59 -6 0 36 -39 -9 -65 -10 -40 -53 -14 -19 -18 -12 8]
[4 15 21 29 38 4 -41 -14 13 18 20 23 28 35 37]
[39 -56 -25 -29 -20 6 -3 -30 13 -37 -49 -55 5 -30 -3]
[2 7 10 17 -31 -25 -4 -7 -15 46 11 -9 13 1 -14]
[38 32 -9 60 -12 20 15 -19 10 -70 8 -52 -28 -2 -22]
[-30 -25 -29 10 38 38 35 -4 9 10 -33 -30 -2 0 7]
[-1 10 -69 13 22 8 -11 -31 -32 -35 -13 22 40 -54 -33]
[-17 -4 -50 7 -18 -2 21 -7 1 46 31 41 38 -4 -18]
[-4 -10 62 30 63 21 6 -1 20 3 12 14 -26 -26 14]
[-39 -44 9 -27 -16 -31 -25 11 -31 22 53 -8 56 30 3]
[-23 -45 -5 -12 -30 -32 14 -30 -19 -5 -9 -11 -36 9 8]
[33 -5 20 -35 -7 -44 12 -78 1 -59 24 -28 -1 -31 1]
[-11 -4 -71 -9 -69 -27 -30 -25 17 37 2 53 -31 -5 17]
[37 44 1 17 54 38 2 8 26 -8 14 40 -26 9 12]
[-1 42 7 28 -10 -38 -30 -42 -15 -1 -13 20 -24 -27 1]
[-12 -32 10 -30 39 -29 -5 -22 6 -27 12 14 -17 38 10]
[7 0 24 21 -5 16 -12 -22 -38 22 19 -25 35 13 -7]
[-33 -2 -2 7 20 24 11 -25 -31 -49 11 -2 1 20 20]
[-51 -32 20 55 36 -17 1 -4 17 -44 -19 -54 -19 -36 -2]
[0 -5 -2 -30 15 -36 4 -7 -1 -11 22 -9 44 -15 9]
[25 13 48 12 18 12 -25 11 -5 -7 -4 11 -30 -41 42]
[-19 20 -20 -1 -28 -1 -55 -20 -18 -8 28 -30 25 -15 22]
[13 -17 -32 -28 -35 -4 -55 2 18 2 -38 -43 18 19 -3]
[3 -5 25 9 4 -7 -22 -9 22 22 19 9 27 19 17]
[-14 7 12 -7 15 -37 30 -1 29 22 45 12 14 34 1]
[-30 43 42 -54 65 0 2 40 59 -51 79 5 6 105 1]
[-37 -22 -33 -42 1 -35 -4 -23 -57 21 -21 58 -12 4 -5]
[13 40 4 -19 -9 -32 -60 26 -47 -10 -14 -34 8 -50 -2]
[-42 -40 3 -8 26 5 10 26 -18 17 1 7 28 -25 -8]
[-12 12 0 -17 -30 -1 23 -18 -19 8 -37 42 19 -8 -31]
[50 78 14 -24 -4 71 34 39 11 39 72 5 -9 2 1]
[-13 33 -37 13 -51 -23 -54 -33 2 -39 -22 10 -19 5 -47]
[22 6 20 31 4 12 -24 -4 -47 -11 -29 8 -29 17 -8]
[31 8 22 63 53 18 12 4 -12 -26 -39 18 58 32 -3]
[-20 23 24 20 24 19 -40 -5 -45 -46 22 -19 -45 15 10]
[55 32 -5 14 -10 -19 0 -37 -33 1 35 26 29 -30 -2]
[-32 33 -24 55 -42 29 27 -8 34 22 7 -29 8 -14 1]
[66 -38 21 -5 13 10 31 50 -42 3 -9 -16 18 21 21]
[-27 -9 -18 2 15 57 -3 -25 -55 -16 -12 -30 -42 -38 -23]
[21 -13 34 -16 41 10 0 64 -12 -19 14 -22 4 -31 31]
[34 27 -1 -64 4 -5 0 21 -18 -29 -11 9 49 30 8]
[34 -3 -32 -31 2 -2 12 53 23 26 -14 -5 21 -20 -27]
[-20 -1 6 28 24 -36 -43 -20 21 12 -43 -14 -20 -24 -16]
[62 1 43 -6 33 30 -3 -76 -62 11 -24 -2 22 -34 2]
[9 9 33 16 22 -19 48 30 -11 3 5 -29 -46 -35 -8]
[24 36 6 -17 5 -2 30 20 24 64 -17 6 22 -13 -20]
[14 -18 -10 1 -25 -19 42 5 20 59 -9 41 39 14 15]
[7 40 44 32 5 -13 20 33 1 34 26 18 43 8 -28]
[19 3 -30 -54 4 1 17 2 11 26 47 39 58 40 1]
[14 16 30 6 17 -12 15 67 6 20 21 13 27 -2 -7]
[63 55 68 30 24 47 -19 12 -3 15 -35 -5 -23 1 -11]
[-39 -16 1 39 -30 -24 -54 -4 -16 6 -17 18 9 6 6]
[-31 -37 -62 -48 -33 -22 -10 -17 -11 -10 9 -32 -15 -4 -6]
[-43 32 -12 -3 61 33 -15 83 -28 24 -23 -21 23 -13 3]
[-3 8 22 39 -31 -4 4 11 -13 -8 21 18 -44 7 -45]
[-59 29 39 -3 16 -40 -26 10 -81 -4 -12 2 5 64 7]
[17 12 10 -29 20 -8 -2 -5 -53 -38 -21 7 0 10 -6]
[22 5 -17 -10 -2 16 30 -9 -13 -1 7 21 11 -18 -47]
[19 51 20 17 -1 31 9 42 13 29 36 10 71 3 6]
[10 20 -2 23 -16 3 -21 4 -17 -7 5 8 -32 9 -8]
[-30 -18 27 -34 -52 -4 -9 -68 -39 73 -5 -10 20 10 15]
[-4 -34 -15 7 17 -16 -14 -15 15 27 32 38 -10 -1 2]
[20 -19 -1 -15 56 57 12 -15 26 -11 -1 -33 -30 12 4]
[8 0 22 0 45 -14 -1 -43 7 -23 -37 2 -1 -3 18]
[38 -50 40 -16 -5 -12 28 21 4 37 44 13 24 81 1]
[-23 -5 41 -31 -18 -31 36 13 -10 -18 -17 -18 -47 2 6]
[25 -6 -40 14 -46 32 -70 32 -44 1 12 -35 -9 -23 9]
[-36 -11 4 -24 -9 -27 -14 -6 1 -30 -14 20 10 -19 -4]
[2 -31 -10 -13 9 -6 -12 -22 -21 -40 -40 -21 14 -46 -22]
[21 10 -6 29 -2 -31 -41 47 4 29 -61 -11 28 -4 27]
[-39 -44 -23 -2 -40 21 -57 -18 7 -2 -5 9 28 -18 -22]
[5 -15 -1 20 -45 4 9 -23 -13 -11 8 20 5 6 4]
[-42 -27 8 58 -10 12 -7 -46 -74 -4 -31 -27 34 34 -31]
[-35 -13 8 9 4 4 40 -3 21 -11 8 -1 -4 -10 -11]
[48 31 0 -22 -6 34 -2 -25 0 22 66 31 34 -7 -2]
[9 -51 -18 -48 21 -24 -52 -99 -43 22 57 -6 29 -33]
[-22 -1 -15 62 -8 -25 20 8 24 12 41 -68 21 -35 26]
[-4 47 22 46 -49 28 -31 39 26 -54 57 -18 11 5 -15]
[-16 4 27 -13 -28 -15 25 -32 -65 -29 21 18 62 -21 -6]
[3 -16 -45 -64 4 -1 -34 -13 -59 -45 -65 -30 -17 3 -3]
[-4 20 -17 14 18 -10 -41 42 2 -8 8 18 -2 3 31]
[19 -14 9 5 9 -33 -36 -39 -47 -6 6 41 7 -1 19]
[-41 -38 19 -35 47 30 -4 28 -12 43 -31 -20 -14 -15 8]
[27 3 -17 44 13 33 5 -40 19 -55 21 -43 14 -17 2]
[93 41 -3 42 36 -25 -35 -3 -22 -16 -17 24 -9 -10 -4]
[-23 -5 1 -32 -17 -34 -21 -14 -37 -5 -37 -14 -23 -14 -36]
[65 65 22 -18 -7 12 -15 -23 -21 16 12 -34 -36 19 -2]
[1 -24 -35 9 36 -19 -33 31 40 -5 -10 15 7 -29 -5]
[-3 -17 -43 -39 -24 -40 -27 -13 9 12 21 11 1 5 21]
[26 -3 5 -11 14 -20 -4 -9 1 -32 18 -40 3 -17 -6]
[22 96 20 35 11 -25 -48 -1 33 3 6 1 12 27 1]
[16 39 3 -20 -42 24 -40 31 -19 33 -3 25 59 9 -6]
[-30 0 -30 50 9 -34 -14 45 41 -18 27 -16 18 47 41]
[-7 -10 20 -18 -20 15 16 27 31 -24 11 15 16 -25 40]
[-7 7 17 12 -43 17 -21 -38 14 15 7 13 -18 -4 12]
[25 8 -9 -12 -28 60 -42 -49 -30 -2 32 -6 47 -23 23]
[24 17 -9 -2 -51 13 -41 -2 -9 -33 42 27 -25 -27 2]
[22 19 11 -46 25 -16 26 19 -15 30 -42 -65 4 -5 25]
[-37 -44 81 -16 -52 -42 51 49 27 -15 -4 1 17 -4 1]
[-21 -5 -16 -3 0 20 0 -33 -42 -4 -33 28 24 -6 52]
[0 6 -34 18 10 2 13 22 -18 -10 32 7 -31 -21 2]
[14 46 75 22 55 8 -2 19 32 42 -10 -47 36 7 11]
[20 17 -4 5 -27 -25 -30 8 -46 26 16 -9 -2 55 35]
[-37 24 -8 -52 -12 -50 -9 -27 -23 -8 -5 34 -31 -17 -43]
[33 -1 -61 -34 0 -34 3 -21 36 2 4 14 48 -1 13]
[10 -2 11 -14 -20 -27 -35 44 48 -10 -26 16 -1 9 -17]
[2 0 -13 -14 13 -6 -12 10 26 8 38 13 -42 -14 3]
[23 16 47 -18 -18 39 -17 -16 41 12 37 -57 -83 -34 1]
[-23 15 -32 5 -7 -16 2 -17 -3 0 -7 3 -4 5 10]
[-3 9 5 -11 -66 2 -18 24 -2 -25 15 -48 -18 18 -6]
[26 12 -25 -23 -34 0 -53 4 -5 40 45 25 24 5 23]
[-70 -32 -31 -47 33 -18 3 67 -68 -47 51 -5 31 19 1]
[-57 34 -1 0 -35 -9 -6 -59 28 38 -58 -1 20 -6 -8]
[-51 -45 -9 15 -14 -21 -8 -9 15 21 -32 -39 -21 -25 -7]
[1 19 -39 25 -13 -21 -15 -27 -46 -12 7 47 55 -26 1]
[9 12 -17 50 -9 9 30 35 30 39 3 40 -38 -32 -68]
[-5 -13 13 22 -14 2 -28 -50 -58 -19 -2 -26 -33 25 -22]
[13 -14 -30 -30 5 -3 -5 12 -63 -29 -9 12 -10 12 5]
[28 -32 58 44 -29 -1 -15 -25 -17 -35 -40 1 0 2 7]
[20 7 -15 -42 -26 -1 -16 -41 -57 -28 -11 -18 -21 -11 -15]
[14 16 -13 2 -11 2 -50 -23 -15 -7 6 -44 -30 12 -9]
[16 -51 4 20 -2 -68 -82 -3 0 33 4 45 25 51]
[49 -72 -26 -8 47 -3 -6 9 14 -16 14 7 20 11 1]
[-5 -13 -34 -15 29 -2 33 36 17 41 -26 41 13 -57 -11]
[52 64 9 -12 -7 -17 -13 0 -1 -3 -12 -22 7 5 7]
[49 -59 -2 28 7 19 18 37 4 28 14 16 5 16 -54]
[-51 -14 5 60 30 -3 10 42 13 12 -64 -57 -56 -52 9]
[-18 -11 0 10 -23 4 38 -9 -26 40 2 -18 11 -16 -28]
[-11 -14 46 43 4 -13 11 27 -7 48 1 -34 -18 -35 -19]
[-27 -2 20 -47 42 -2 -14 -25 -43 0 15 -33 -16 5 4]
[17 14 49 26 65 -11 14 -15 11 49 -12 22 -2 -70 29]
[-10 16 -27 -4 -6 -13 4 -32 -8 -42 -18 -40 14 -13 17]
[7 -41 -35 14 6 -20 26 11 -45 21 38 -27 1 39 29]
[2 -16 15 -35 3 14 17 50 -39 28 17 -77 -12 50 -51]
[1 20 22 12 18 13 -10 3 -10 -14 4 -8 -27 -20 -20]
[-12 40 -14 21 43 30 20 26 22 56 30 18 24 2 -9]
[69 26 19 10 9 -19 -17 -9 -21 -36 24 -2 22 111 8]
[17 -12 -33 -13 1 24 16 -8 4 -24 45 7 -29 21 1]
[16 36 -17 38 15 -76 -1 -6 -50 32 38 -19 33 6 47]
[68 34 16 29 29 3 -69 -24 -16 -29 22 -14 2 37 -36]
[1 42 46 1 21 28 -3 23 4 -31 -6 60 73 -2 27]
[33 -17 -2 -38 -13 -48 22 -25 -48 -49 32 29 49 22 1]
[-18 -46 -16 -9 -33 7 -7 1 23 -3 20 20 -17 12 -15]
[1 32 16 27 -25 -24 -20 22 59 48 29 -11 -13 -22 2]
[40 5 -21 -9 -54 -33 -14 -54 -50 -16 -6 33 9 -9 1]
[29 0 -1 -51 -9 57 -13 -24 59 28 12 -10 -52 -30 -10]
[-43 -7 -24 -19 14 -41 25 -3 -9 28 -10 14 52 -7 1]
[-3 -3 32 -4 -34 1 -17 69 0 2 35 13 -10 26 5]
[11 43 -25 18 13 25 11 15 50 56 10 33 -9 6 -2]
[25 6 -32 -35 -58 81 -61 46 -6 1 -49 55 -6 16 -23]
[-62 -24 -28 -28 7 -25 7 18 1 9 23 -15 36 -39 2]
[-31 3 -3 -52 2 3 45 1 56 11 -60 -10 9 -8 46]
[10 5 43 6 44 37 15 -15 -49 -52 -13 -7 33 -5 -5]
[31 -22 8 -14 -10 -19 18 17 -37 0 0 59 29 23 -18]
[-20 -45 -52 -65 5 -13 -35 5 -32 3 -8 -19 -5 -3 -14]
[-2 -20 0 10 40 62 -21 -38 1 -8 -55 -56 -11 -18 26]
[-12 -15 -28 -21 -13 10 -16 -4 -39 4 -15 27 18 34 15]
[67 -35 -6 10 -16 31 -24 -27 12 -34 -23 19 -71 -28 -7]
[-14 -11 -5 17 -35 27 -38 35 1 5 -2 3 -33 -17 2]
[29 29 3 12 -2 6 27 11 4 -9 -4 12 -6 7]
[20 -2 -22 25 -17 -30 4 -29 -25 3 16 10 -7 6 -22]
[43 -1 -1 -17 -42 32 -71 23 10 -21 40 25 -29 12 17]
[-32 -12 14 4 -12 -7 15 0 12 -3 -4 -5 34 -27 -13]
[-35 -48 -24 -11 31 18 35 12 17 44 37 -7 9 -19 -42]
[-29 26 38 -28 34 20 27 58 22 14 36 -15 16 -13 -18]
[-9 -24 15 9 -25 27 -1 -11 -3 24 -51 15 15 17 12]
[-32 -57 -24 2 7 11 -17 34 12 11 11 35 53 41 -11]
[0 2 20 -6 25 -28 -9 23 -22 36 -56 -12 41 -36 -25]
[-24 19 17 5 -5 9 10 3 1 5 16 -27 -47 -2 -12]
[-9 -68 -2 31 36 13 38 6 3 -68 -40 -1 39 -10 2]
[14 -24 24 -16 7 15 20 26 -39 -29 -61 -14 -16 -47 -50]
[8 44 28 -15 -10 -3 -1 -35 27 -20 6 36 47 10 2]
[9 49 -40 23 -7 9 37 2 -23 44 -6 13 -47 60 -28]
[5 -17 24 -50 43 58 -11 29 30 -7 14 3 6 33 -2]
[3 5 -7 -19 -26 4 19 15 2 -5 -9 -2 3 2 4]
[-18 -6 -51 3 24 29 26 -70 -26 32 -6 -50 -20 13 3]
[-42 -30 -25 -8 -3 50 -44 26 -3 38 18 9 18 -17 13]
[-75 -39 -32 54 -26 -7 -45 -5 -4 41 -21 -5 -17 -13 -13]
[30 25 -15 -10 -16 -25 -13 -33 -43 29 -10 7 9 12 14]
[2 5 -12 -18 -19 -7 -17 11 -12 -10 -21 49 16 19 11]
[14 -7 22 -16 1 11 32 19 1 15 -8 20 -41 -13 23]
[9 -1 31 5 33 7 -13 -4 11 -23 16 -10 -4 9 -14]
[-23 -7 -1 13 10 7 -4 18 27 34 7 19 -21 1 3]
[-48 -22 -8 26 47 -16 -16 -33 -7 -12 19 57 26 1 -38]
[-42 -49 3 40 17 15 16 11 13 5 -8 7 -20 -29 37]
[29 73 -27 -19 31 -18 16 23 -22 -12 -46 -31 -11 -22 1]
[-40 11 -8 -56 36 -10 2 27 -5 -13 67 17 12 -22 -4]
[38 25 -71 4 -9 -36 30 -18 -25 -49 -9 12 -26 -44 -3]
[-22 38 60 66 17 19 17 21 5 -4 -24 -38 -23 -9 18]
[24 -14 -33 56 5 -4 3 -4 -97 9 -72 -36 50 -36 3]
[-11 38 -11 89 9 80 6 58 49 -27 -16 -28 -45 67 -3]
[57 1 30 36 -3 -30 24 1 27 -21 -31 13 -56 5 -8]
[38 18 0 19 -20 16 -26 -3 -34 72 6 -23 29 1 -2]
[20 32 -22 -2 -5 -20 -17 -35 -3 -27 -45 11 14 33 -25]
[11 -39 2 -22 15 -8 10 -34 11 -4 22 21 0 -10 -8]
[-5 31 -3 -7 3 -86 -21 -49 4 9 -58 35 -43 -87 15]
[-2 36 25 -11 -32 -49 -42 -11 -48 -70 -24 -17 -26 -17 22]
[0 -38 7 -6 18 70 19 2 -18 -24 1 26 20 37 6]
[11 24 -19 4 4 -52 7 -51 -1 38 41 31 54 21 25]
[28 4 -8 20 59 7 25 5 25 -7 3 15 13 -11 9]
[-31 -20 -13 -9 11 -6 -52 -64 -44 -26 -5 -8 3 5 -2]
[2 20 23 -16 -28 -18 14 -19 2 37 -2 9 2 -7 -6]
[32 -12 -12 41 33 17 -10 9 34 -34 19 46 7 11 15]
[-14 -25 27 15 -43 -79 30 -39 51 -12 37 12 15 15 1]
[-41 -40 -24 16 -8 13 -27 -6 -16 -14 -27 -17 -4 11 -33]
[7 3 16 33 10 -25 -46 -10 1 7 35 19 -16 -8 -7]
[-42 -31 -3 2 7 10 -15 28 -12 22 49 -11 39 36 8]
[-33 -26 -52 -50 -17 -22 -22 -20 7 -47 -38 20 -10 -2 1]
[-15 28 3 18 -14 -8 5 32 0 -16 41 72 43 51 19]
[-33 11 8 6 44 -6 -34 -5 -39 -28 18 -12 51 45 -31]
[-4 -60 -36 -20 -4 -33 3 -32 -29 -8 51 -24 29 32 14]
[6 7 59 -11 -44 -78 -33 -53 -37 -5 19 2 13 28 -34]
[-42 -59 -19 35 -21 -35 19 -2 35 4 16 -46 7 5 1]
[-27 19 26 14 -25 18 -43 8 5 21 -1 -17 17 -5 -15]
[-36 -19 1 4 26 -2 -43 11 18 -27 -45 14 2 -31 -25]
[-3 67 36 39 -5 -28 -39 -51 -69 25 39 31 -33 -21 2]
[-6 -1 -37 -17 -9 2 1 12 2 -18 -1 -18 25 -4 22]
[-3 -10 16 -27 -19 6 -2 -35 12 21 25 12 52 4 45]
[-31 40 -17 24 -7 -35 0 5 15 -4 -37 6 13 17 4]
[20 10 -21 -17 -16 18 -15 -5 -11 -6 -8 -18 -23 4 -39]
[17 -29 19 -44 63 19 -17 29 48 38 2 -23 -31 -51 -15]
[-14 -3 -29 -30 41 6 43 -43 5 -42 -11 4 -35 7 8]
[10 -9 -36 3 -64 -29 -52 -16 -60 -22 0 -34 -58 12 -11]
[-10 7 4 43 30 -46 57 0 10 -4 14 7 61 25 -14]
[69 -6 9 11 -20 18 18 -24 27 3 -38 22 -28 13 -12]
[6 36 13 -12 15 -22 26 3 55 25 -28 16 4 41 1]
[8 44 47 53 57 39 29 58 62 41 9 -17 6 2 1]
[35 37 1 -10 38 8 -14 5 7 -16 -53 -36 -5 -29 -30]
[23 43 4 -36 39 -26 -12 45 8 39 3 0 39 44 -21]
[10 11 6 -9 39 -21 -12 -14 10 -9 -6 -1 27 8 8]
[19 6 25 1 -1 11 2 -4 7 7 -24 -14 41 15 -14]
[-39 11 -34 3 -9 -18 -38 21 -34 -12 13 -5 2 32 -21]
[30 -8 -36 -20 21 -25 -21 -15 7 -9 -24 -51 -80 -38 3]
[-49 2 8 35 14 37 -14 -17 -29 1 -19 -36 -53 16 38]
[-38 -3 -42 -20 -33 -24 35 -48 -31 -27 7 1 20 -7 9]
[6 -13 -37 30 5 13 -9 -8 -86 43 20 42 30 49 1]
[-34 -17 -1 -73 -5 -24 -27 21 25 -7 29 20 25 37 2]
[33 -16 0 32 -2 -35 13 9 -31 -79 -32 31 -20 -32 1]
[2 -19 -26 -3 -6 24 24 4 2 -16 7 8 16 36 26]
[15 -26 69 30 -9 25 -9 -5 2 -37 -16 -38 -25 -16 17]
[35 29 20 21 1 -25 8 -4 16 40 60 -16 56 -4 34]
[2 -18 4 -2 24 -41 -5 -30 42 -1 7 -9 -8 -3 -27]
[-14 -15 -67 -6 -38 24 -9 -13 -55 -29 -72 18 -41 -20 -6]
[34 43 8 -21 47 -10 39 -13 -24 2 -2 -1 22 -19 -15]
[-43 -8 28 39 29 -14 3 -19 15 -41 -3 7 10 -12 16]
[38 24 46 18 -31 -14 -42 -57 -1 -6 4 -11 -10 -32 -16]
[15 27 -14 -26 -35 -33 3 47 26 -9 6 4 -17 -34 2]
[-14 -20 -20 -9 28 22 -13 -4 -45 -8 30 -24 -31 1 -6]
[49 -30 -12 3 -8 -12 -7 -16 -16 10 0 32 15 -28 -11]
[-2 51 43 98 48 81 26 11 -2 7 0 -3 9 10 -15]
[27 -13 1 0 -3 13 54 45 7 46 11 13 -8 31 15]
[8 33 34 20 43 22 22 -7 -10 -4 -8 66 55 2 5]
[21 -9 -41 20 9 10 10 4 22 -1 62 20 6 -4 7]
[64 -34 -7 7 -26 0 -14 -11 60 10 11 36 -35 26 6]
[-8 -10 0 26 20 15 31 28 20 51 38 52 -14 -12 -10]
[-6 43 -9 -63 14 57 -30 -13 36 68 19 -26 26 -9 8]
[19 -40 -10 -11 -41 2 32 -13 -25 -15 31 58 -8 -2 -25]
[20 15 -24 -7 -47 -37 17 -36 30 25 -1 -62 21 8 4]
[-22 -40 -35 -37 11 17 6 9 4 7 -4 -12 -5 -5 5]
[23 18 24 18 7 24 15 -28 2 28 -53 2 5 -58 10]
[10 -34 -43 -13 5 55 31 16 29 17 -35 -19 -7 23 -11]
[2 29 -14 -6 -37 -6 -38 -11 -1 11 48 12 44 29 28]
[28 -14 -28 6 -24 0 11 21 22 -34 16 41 49 -19 11]
[15 40 43 36 68 35 33 16 1 41 -20 -1 53 -4 1]
[-49 -57 -7 -12 -94 -26 -24 -32 1 -15 -24 -7 40 -7 6]
[-87 -5 -33 10 11 -44 -32 -64 21 -23 -16 -1 28 -3 14]
[78 -9 52 19 -50 102 -1 14 -20 31 -9 82 -6 5 -18]
[31 60 23 6 19 35 26 41 41 43 -2 18 49 18 28]
[14 -4 17 39 13 14 -7 -24 -14 -13 -22 -9 -22 -16 -24]
[-31 -35 25 62 38 9 -2 16 45 8 -21 -30 -21 -15 2]
[-40 -14 -47 4 -2 15 16 9 8 15 3 27 2 4 -16]
[-22 -34 43 -13 99 12 6 33 -10 -9 36 42 55 -10 -13]
[47 64 12 -6 36 -28 -22 41 11 -24 12 13 -46 -11 -19]
[1 11 -24 -17 51 52 -46 25 -7 30 48 -6 31 20 -24]
[-35 40 -33 39 -7 -33 18 -39 -15 -18 32 -11 -7 -1 -14]
[37 -58 -6 -35 27 0 -7 -18 -6 -18 -8 31 45 27 7]
[-25 -42 -38 27 58 80 4 -59 -37 0 43 -46 -76 7 -6]
[28 6 36 25 45 35 -1 -22 32 17 31 -12 -27 17 50]
[53 -46 -18 18 0 -66 33 21 11 32 17 24 35 63 -32]
[50 -5 -34 -76 27 20 40 13 59 78 -30 -21 -45 -7 -9]
[-39 22 -31 -9 -32 -25 9 -33 -25 -51 -76 -34 -65 9 6]
[3 -64 -30 22 38 9 -22 52 -19 5 47 -16 20 2 39]
[23 -47 -2 -33 -53 2 -44 16 2 41 19 16 30 76]
[45 -10 14 -25 -19 38 55 69 27 22 23 47 -9 12 -4]
[-1 -2 -14 -16 -33 -17 12 7 -8 -28 -5 21 20 -2 -24]
[2 -6 -35 18 3 38 22 -8 -61 -53 -25 -68 -36 -8 6]
[51 32 -7 40 -28 -48 -24 -26 49 -29 10 46 21 33 -3]
[-13 2 -42 13 -55 18 12 -19 32 5 17 37 22 28 -14]
[-42 -18 11 21 -14 33 14 34 -11 -5 41 32 12 38 11]
[-8 -37 -9 22 -4 -12 -5 21 25 -5 51 7 0 -1 31]
[-19 20 -5 7 -13 34 46 20 26 30 -4 3 -34 -15 9]
[-16 21 15 39 26 -43 8 11 11 18 -14 -10 26 14 19]
[-85 28 -2 -16 -11 -9 -29 -21 12 -9 58 47 -19 12 -9]
[-11 -17 0 64 29 26 15 -9 39 4 -6 -13 25 34 -7]
[-13 -34 13 -36 -15 -4 11 1 23 33 0 30 8 -60 -18]
[41 7 -17 -15 35 -9 -10 -6 35 17 -2 -47 -29 -55 -2]
[70 -2 17 -29 111 43 111 -13 -43 -6 -24 -10 23 62]
[-10 30 52 -2 35 17 5 -44 -33 -86 6 -52 -41 -50 -2]
[59 20 -3 29 -5 -56 -46 64 20 23 60 -29 -12 26 -4]
[25 -32 65 19 -24 -2 -33 -65 -8 -45 15 2 -10 7 11]
[3 38 -39 -55 -3 -5 19 64 30 25 -8 18 39 -67 21]
[-12 -5 -6 -37 -26 -38 -46 -32 1 26 23 4 -18 -21 -9]
[-2 -12 6 5 -14 -18 2 -12 5 -7 -8 -15 -16 -9 5]
[12 -44 -81 -42 -19 27 -34 70 -18 37 -8 6 -35 -14 1]
[16 -25 29 50 3 -24 25 38 -20 -43 -59 -24 -26 -16 5]
[1 23 -24 16 52 -37 -95 -32 22 -24 -26 7 -26 -40 2]
[-11 49 -20 -14 -40 -44 -58 -40 -22 4 29 -17 -17 -12 -19]
[10 -13 -14 26 2 59 -27 42 8 -6 -46 -11 -18 -9 -6]
[8 55 19 63 50 -5 52 -64 0 -47 -49 -34 -47 -40 -3]
[-11 28 26 14 67 42 22 -4 -7 19 -29 -20 -14 -11 33]
[-23 35 -2 14 50 -16 -34 32 20 6 -12 49 23 8 3]
[-46 36 -55 14 16 4 12 -2 -9 32 63 19 -16 50 1]
[14 16 0 -25 -46 -50 -31 -28 -21 11 15 28 16 29 25]
[-24 30 -23 -17 -22 16 1 -30 -11 -37 3 14 40 31 29]
[1 -60 -2 50 21 -9 -75 -13 -63 -2 36 -11 62 -23 32]
[6 24 19 23 -39 -56 13 41 -3 60 34 46 10 25 -27]
[-54 -43 30 -7 -40 37 -11 -2 31 26 6 27 -16 -29 -16]
[-31 -19 -25 -6 8 4 10 -25 -9 12 -17 -19 -33 -20 18]
[2 44 10 42 -31 -21 15 -25 -4 3 26 -26 4 43 -6]
[29 -19 1 11 36 20 6 13 3 -11 -18 53 8 -4 2]
[-46 22 -1 -11 7 55 32 -4 60 5 26 60 -28 3 19]
[-39 -2 -24 27 6 -10 5 -21 28 -26 -16 -1 -79 61 -26]
[46 15 1 18 14 -12 -3 -24 20 -26 7 -9 -26 -2 -8]
[-69 33 -11 21 -22 51 -39 56 13 -30 6 -43 -40 -23]
[19 -13 18 -24 41 -4 -1 -13 -5 -38 -20 -36 -18 19 -29]
[14 -26 -13 7 35 16 -4 -46 18 23 -27 -89 -7 -27 8]
[-4 -15 19 26 26 28 43 27 -10 11 -20 -46 -28 -5]
[-57 -57 -4 -43 -27 -41 -3 0 36 -15 -55 -2 14 -4 5]
[-20 -54 -3 7 14 -26 35 2 -8 -36 -42 -16 6 -4 -19]
[15 -12 55 4 1 32 23 32 17 3 21 -64 66 -26 1]
[-28 9 -30 -22 -36 -39 -25 29 47 0 5 6 25 4 5]
[-17 -20 -11 18 -7 51 16 40 47 24 27 4 33 81 -4]
[-13 -34 -31 -36 -34 44 17 -1 -32 -39 40 -46 -24 -23 6]
[-7 0 -45 -34 13 8 -12 19 49 -8 33 -28 15 21 40]
[-19 9 -17 1 -36 5 15 3 6 27 -6 25 -17 -2 15]
[20 27 22 36 -1 -58 24 -5 11 33 48 -24 4 41 24]
[-11 -6 24 25 22 24 6 -24 -28 -39 -26 -38 -32 -24 -12]
[17 -31 26 -15 -8 -3 -44 10 -5 0 -47 13 -37 -38 6]
[47 26 -51 -32 -22 24 31 -29 -27 -10 52 0 -22 11 10]
[45 18 -8 2 49 15 59 -6 24 -5 40 41 27 51 14]
[-9 -12 -28 -60 -28 -13 -8 -18 -28 -15 -2 -41 -16 -3 -35]
[0 -10 40 27 25 -11 19 9 -11 -42 35 26 58 26 -21]
[-5 0 -11 13 -17 -31 9 -8 -25 29 -19 -28 13 54 31]
[-41 23 -20 -1 15 -17 42 -8 -6 13 4 -12 -46 -19 -30]
[6 -2 -42 0 -49 -21 13 -8 -7 41 0 -23 62 -20 1]
[19 -21 11 11 -10 2 5 0 0 27 9 7 15 12 15]
[5 -9 22 -12 16 10 47 13 52 29 16 16 28 14 -9]
[-23 -25 21 -39 -10 -11 -28 -17 -2 9 -48 18 -29 46 -9]
[30 19 43 -10 -5 22 17 9 33 -40 -30 -8 6 7 27]
[21 1 11 -23 -49 14 -22 24 37 5 4 -15 -30 33 30]
[51 21 -10 -3 38 18 23 -3 10 2 27 -15 -11 23 15]
[5 -8 -1 25 -36 -9 22 0 -32 7 27 -31 -10 27 -38]
[29 1 50 59 22 -23 0 38 8 -22 -49 14 8 -35]
[-18 -25 42 60 19 -22 12 50 8 5 56 51 -19 50 7]
[-19 25 11 34 33 22 -26 38 -63 -12 -7 -47 4 -48 1]
[-23 1 -30 58 18 23 -19 -28 -56 3 13 21 12 40 4]
[55 -4 42 29 34 1 22 2 -13 0 -9 32 3 -21 -6]
[-21 -69 -22 -32 15 3 8 -23 -22 -18 -13 13 34 16 -3]
[36 -19 -2 -14 -19 9 -51 -87 -37 -57 -15 14 -19 2 8]
[7 60 2 -107 -44 63 -16 29 13 16 -56 -24 55 -12]
[12 15 6 -19 -33 33 -5 -17 -32 9 28 27 43 -12 -39]
[-40 5 -10 6 2 18 -38 -2 17 4 -51 5 45 15 -8]
[-44 -7 -35 -35 8 -32 46 6 37 61 11 53 -26 32 9]
[22 9 34 -1 3 15 21 -4 14 31 31 42 -3 31 -8]
[54 -5 -29 11 13 42 12 -1 -15 -2 -65 -43 -32 10 -8]
[-15 49 27 40 -51 25 -1 -38 19 -43 -6 9 43 13 11]
[36 12 -18 22 19 -14 4 21 0 -39 -37 -4 29 -14 6]
[0 16 29 9 -10 -17 -19 -25 -3 27 2 -1 48 50 25]
[-51 19 -31 62 27 44 -21 18 39 21 8 -37 26 -26 -21]
[-9 -74 -18 5 -62 -27 34 -12 -6 -32 9 2 -8 -17 23]
[31 28 1 -19 -6 18 18 -34 -10 13 -16 9 50 7 -10]
[50 52 -10 -7 -16 -20 -22 25 37 19 50 21 -21 -21 10]
[26 16 -24 -31 -10 -33 8 -16 -10 -8 -27 27 23 -3 24]
[68 24 10 -33 -41 -29 -27 -60 -27 14 8 -38 -22 38 16]
[0 15 -9 8 -1 25 9 17 -9 13 21 -3 31 20 15]
[6 3 78 35 60 -1 52 -4 -19 22 98 61 3 -30 1]
[6 -43 -22 -10 24 -28 10 8 -22 36 37 32 -13 5 11]
[-1 -25 -5 -59 -4 -45 1 -28 -6 0 -21 -4 -30 15 -57]
[-27 38 53 -17 2 79 19 19 77 41 45 23 3 -6 2]
[-45 -35 -12 39 48 19 44 0 38 -52 15 28 -3 -9]
[33 -24 -11 -6 -64 -13 -76 -51 -83 -50 -63 -37 -20 -20 1]
[42 -25 -21 10 60 -25 1 -10 40 60 22 26 62 -13 30]
[33 22 -13 -11 -18 1 -41 12 -15 -15 -41 -15 1 -3 1]
[49 -9 -45 28 -5 22 -24 47 -15 -44 56 37 50 -6 4]
[31 101 6 97 -21 95 -22 6 27 -10 8 -30 -10 15 4]
[-53 -1 -41 23 -26 10 49 11 14 -1 -11 20 41 -3 -29]
[11 -31 -10 10 55 28 -24 5 38 14 -10 19 69 47 14]
[55 -31 47 -13 40 3 1 16 -11 -20 -5 29 -27 8 28]
[28 -25 -10 -6 -4 -50 34 15 -1 -10 24 -6 -9 13 34]
[6 25 1 69 11 6 11 36 -12 -17 13 17 0 -20 -3]
[-3 -20 13 -23 0 6 18 19 3 -3 -5 28 8 9 -24]
[7 28 -4 24 41 -5 24 12 45 -17 7 14 -15 40 -3]
[4 9 22 -21 -32 -2 -29 -60 -13 8 6 10 -20 2 7]
[42 -22 22 33 -34 -42 -10 32 -19 -24 -32 16 -30 28 -20]
[-98 -28 -44 -20 5 4 -30 56 -24 30 -23 21 -14 -21 7]
[16 11 -4 -26 -74 3 -35 14 -32 -9 -23 -3 -10 13 6]
[16 -13 2 31 -19 25 -9 -8 9 2 -24 -57 -7 -32 24]
[43 33 -35 14 10 -79 -43 -9 -39 37 -71 -56 -4 -16 3]
[-20 -83 44 18 -55 -1 57 -41 -22 -9 14 47 28 45 -18]
[15 22 5 0 20 12 54 22 72 15 48 10 6 -37 5]
[-8 29 49 58 12 -5 14 34 59 13 -2 9 -8 -19 -10]
[42 20 -18 16 4 -41 -6 29 10 -39 -4 -6 -16 13 17]
[-38 -49 3 11 -26 -41 18 20 -34 59 -60 64 -38 44 3]
[-14 -25 26 -16 -6 -14 -12 -36 17 -20 11 54 -8 28 57]
[-2 -17 -14 -12 10 -43 53 10 -57 -4 -1 0 -14 31 -4]
[1 14 8 11 17 -3 21 1 21 14 19 9 18 -4 13]
[18 -37 -10 4 66 12 16 26 32 32 -10 -1 23 2 8]
[-20 2 4 -37 21 -5 -39 -16 -1 -22 -28 -28 -4 15 -9]
[-2 51 -64 -29 0 -19 -33 -1 26 -49 -62 -44 34 -35 1]
[-29 36 -15 -10 56 41 66 -7 39 18 42 27 36 -13 3]
[-14 -26 -45 -8 -5 22 33 45 -5 12 12 4 -5 31 7]
[-15 -22 14 -31 -66 -11 2 -22 -40 49 7 -19 10 -6 33]
[-51 17 -3 -11 -53 -24 9 -35 -18 26 17 27 -25 0 -11]
[-51 -3 -44 1 -35 4 -30 -6 -19 -13 14 -54 18 6 15]
[4 46 -1 14 -6 29 -29 9 -34 -35 49 20 59 17 10]
[-21 -36 -7 -56 -24 5 -30 -34 0 12 23 -17 -10 16 6]
[-6 -52 -5 9 6 26 -9 10 -43 5 28 15 12 -37 21]
[-54 -15 -69 3 63 -20 -16 23 -1 -39 -59 -20 8 -30 21]
[19 21 1 20 -21 11 12 8 19 -4 -12 47 -18 3 22]
[7 26 5 -18 22 -1 7 -33 50 49 -26 -38 -45 -36 -26]
[18 23 -9 48 24 -5 45 23 31 21 3 16 0 -33 -14]
[-1 -18 -23 -13 29 -8 -16 -20 -9 20 15 -2 -90 29 -6]
[10 3 -21 7 -23 -15 39 -32 42 -4 13 10 -37 -2 -17]
[-7 -50 -6 24 35 -13 16 34 -8 7 30 57 35 -47 -11]
[15 -16 -15 -40 -32 4 -48 18 39 11 -10 11 -14 -14 -7]
[46 -11 25 -20 42 -5 44 9 -58 -37 -15 27 32 15]
[4 -6 0 8 18 -34 4 -15 25 -8 11 -32 26 8 10]
[-33 -68 -1 17 -24 60 -30 -17 -22 3 -50 2 37 -15 9]
[42 -13 -33 7 68 12 -15 10 34 -8 35 7 -15 -3 11]
[-41 6 -42 -35 -11 19 -18 -2 26 -29 -21 55 21 -34 -6]
[-8 -58 7 -22 -10 -48 -4 -65 -15 17 1 20 -13 14 -14]
[19 11 0 18 20 5 10 17 10 5 -13 -39 -34 -12 -2]
[-19 80 77 24 8 43 10 -28 10 21 16 29 2 -31 16]
[4 -34 -34 -37 4 -33 -1 22 -5 56 -13 40 -22 -10 6]
[77 1 12 -3 -5 64 45 5 16 1 12 -56 39 -31 -7]
[51 -15 -41 -24 -11 7 -30 -25 -13 -8 -70 10 36 -3 43]
[17 -4 -30 -15 36 25 19 63 -18 -20 -27 19 -28 41 16]
[-8 50 27 -5 18 -53 -28 2 -76 -50 25 -34 -64 -45 -6]
[10 -21 -38 -72 4 -8 112 47 42 8 25 -7 0 31 3]
[-45 -29 -1 -6 -46 5 6 0 20 32 36 3 12 17 -26]
[5 10 33 24 -9 20 -6 14 -35 -15 -7 27 -35 24 -3]
[11 -12 8 16 19 6 1 9 35 -47 54 -3 18 18 -27]
[-7 -25 6 51 -5 0 29 19 40 55 44 5 42 -9 -6]
[-60 6 8 -23 -61 -61 -28 31 33 13 -8 -20 -48 -74 -13]
[-53 0 -20 13 -20 -33 23 30 44 -14 12 2 -23 28 72]
[14 -15 -10 -13 4 8 -12 13 13 -8 62 31 40 54 26]
[-55 38 -26 -32 -10 -26 -1 47 57 40 -31 18 26 -23 -28]
[-29 -29 -7 37 4 -25 -60 55 54 10 18 24 -46 0 -8]
[20 15 17 24 -25 -27 -23 -14 34 43 23 27 10 -7 -44]
[-35 -52 7 -23 -48 -33 16 -23 3 22 39 -5 12 -35 -6]
[-22 -3 -2 52 -7 21 1 -2 -3 9 -19 -5 -26 -53 11]
[17 -3 -32 13 15 34 -5 8 33 -8 51 3 -14 2 -8]
[63 -22 -7 -50 -18 18 -10 -5 -43 18 -23 37 -15 23 7]
[-13 -36 -7 -6 -68 9 25 10 23 -57 12 -4 -18 -21 26]
[-7 58 11 -16 -35 24 0 -10 27 -30 -47 20 -2 -5 -8]
[-1 79 -4 2 -2 11 22 -23 15 51 -17 -18 19 31 15]
[20 1 5 -4 -48 -5 -22 -32 83 18 12 49 -63 -12]
[-4 12 -7 -15 6 -22 -32 -18 5 -13 11 -19 5 -2 1]
[-21 -11 8 -31 0 22 -39 -70 -18 21 11 -6 -8 37 6]
[25 3 3 -9 -21 -21 -14 -33 -14 2 -12 23 14 14 6]
[58 36 4 11 65 23 -32 -7 -18 -52 24 -50 9 -36 1]
[12 27 20 30 -5 16 17 31 -3 26 19 37 4 -16 6]
[-10 -31 3 10 26 21 16 -21 -13 -22 -17 -48 3 -10 6]
[-11 16 28 -39 13 -9 32 -17 -25 -41 9 -17 -18 -21 -3]
[-67 -61 -7 -2 -19 -33 19 33 -33 25 9 45 63 29]
[-2 -7 -41 -24 -19 18 15 30 10 2 -6 6 -13 1 -8]
[9 -9 21 -15 12 -5 -30 -5 -1 42 -28 40 41 56 12]
[-5 1 -1 -15 4 -48 0 -14 -42 6 -1 25 23 3 14]
[3 5 16 -7 10 14 18 33 37 56 37 39 20 32 -2]
[57 12 89 -3 4 25 8 25 7 -17 23 -24 -1 10 28]
[-20 -30 -44 -50 -17 -54 -26 2 34 27 36 56 20 32 1]
[-1 -6 -23 51 5 -10 -3 29 -23 14 3 8 21 -50 -21]
[62 -22 22 21 -22 5 -57 -27 -47 -22 -22 -64 -6 -6 16]
[-30 -6 -26 -18 -25 -8 -7 -28 40 2 -12 10 -4 -19 4]
[16 24 7 20 20 4 -6 17 29 17 21 20 6 40 11]
[1 -15 -70 20 8 0 23 37 -29 -9 -30 -50 -57 -44 15]
[-25 -26 -5 26 -2 -26 8 8 -1 -6 35 13 17 20 15]
[-35 -4 29 46 2 28 64 27 16 8 23 4 4 44 1]
[6 -19 -31 -19 -50 15 -29 10 4 -21 -17 3 19 7 16]
[30 -23 -41 -112 -7 -20 7 2 19 18 -7 24 52 -27 6]
[-18 -9 -75 -66 -22 5 5 5 -4 36 -67 1 16 -15 -7]
[-51 -35 -9 -20 -33 -47 -24 -2 -34 -2 -34 3 9 -22 -20]
[-3 -1 13 -28 22 -38 -16 -18 -22 -3 6 26 19 22 3]
[-25 -39 -9 -49 14 -1 17 25 41 -36 1 33 -3 -11 -9]
[8 -21 3 33 10 2 47 -24 53 41 40 -11 -2 27 -7]
[-17 -11 36 17 23 16 -13 -11 59 15 3 18 50 21 9]
[-18 34 16 6 69 40 1 -13 14 -15 -48 -17 -53 0 -18]
[-12 3 -80 30 2 -17 51 -79 -39 10 -10 -15 -8 -14]
[-70 -25 -6 27 -51 21 -1 22 22 -61 -63 -34 -35 0 6]
[-6 -3 28 18 -6 38 -15 14 -21 9 -24 3 -57 -24 -10]
[-43 -15 47 -6 24 -26 -5 10 -29 -4 -14 -21 -27 38 53]
[26 -25 -14 -24 -17 4 -12 -1 -22 -1 -25 28 -28 34 18]
[99 -5 -20 -8 7 -26 10 54 49 -27 -22 -24 21 -37 -10]
[-5 -83 50 -15 -68 -36 -20 44 -13 -18 -30 -42 -1 2 10]
[54 13 -15 17 20 -4 1 15 56 -43 -70 -11 -3 11 6]
[5 -64 -34 -22 14 26 19 26 16 46 46 32 -1 33 10]
[68 14 -22 -44 -22 20 4 25 -1 -59 15 -22 -40 9 2]
[42 -24 21 15 9 -4 33 -35 -8 8 28 -58 5 -25 3]
[-4 -2 -53 7 19 -27 -5 -62 -15 -44 -5 -1 2 -6 42]
[-19 17 8 8 20 8 16 60 31 -5 15 20 -43 -22 -26]
[2 9 -32 -16 -31 3 -31 -1 27 -25 15 -31 -9 21 6]
[-19 -31 -40 -9 -16 -14 -38 -5 1 5 8 12 16 -2 34]
[-4 -45 -4 2 32 30 13 -18 4 11 28 -1 27 10 -19]
[0 -51 27 -14 18 61 -8 -25 5 20 -24 -18 9 11 8]
[25 -9 -6 -24 -4 -32 -41 -63 -6 35 -45 -44 -27 4 -31]
[48 30 22 19 6 39 35 5 18 3 44 35 23 -2 -50]
[21 13 -21 6 -12 57 -26 45 19 46 -10 -22 -35 -47 -42]
[30 15 -21 33 0 10 -27 38 26 -41 19 15 -11 -64 9]
[-15 79 5 6 68 2 -44 43 6 42 22 -14 -23 -33 16]
[-23 -12 5 8 4 -27 -54 -29 -3 38 -14 -27 28 33 -17]
[-41 -48 19 -13 -22 -3 -50 -30 -2 11 -31 -12 35 -8 -4]
[1 14 -27 -50 -2 -5 23 -12 16 -4 -10 -27 -6 10 24]
[-30 -66 -80 -38 -1 59 27 -37 -25 -32 -56 0 33 -13 9]
[21 41 48 9 37 5 32 13 -25 42 32 32 3 6 -11]
[-50 -9 -21 5 10 18 2 -15 18 -34 55 -9 12 8 11]
[4 16 -4 -8 -19 6 35 28 9 -6 17 66 93 66 26]
[-5 3 14 40 6 43 -35 40 -30 -1 -17 -11 -48 -26 -6]
[-6 -29 40 -21 27 -80 2 -1 -25 14 -23 51 20 14 22]
[-6 37 -5 -30 -18 -5 -3 9 17 38 16 -20 -29 -10 -17]
[-4 -66 -7 -4 -54 -2 -5 -20 -6 24 -6 -3 -16 -31 3]
[58 45 18 62 22 -5 23 -6 -3 -30 0 -45 -2 27 -6]
[-5 4 43 -22 -16 -21 27 0 -11 0 26 -10 5 32 -32]
[24 -71 9 8 -55 -33 -5 -9 -52 -31 67 -20 -52 13 1]
[5 -28 3 -5 -12 -3 -11 -37 -22 -29 -54 -10 -65 -27 -6]
[-38 -22 -17 -9 15 10 14 10 13 5 -3 11 -24 36 20]
[-27 9 16 -16 -28 -49 13 -20 -15 -1 -25 -25 16 32 8]
[-19 -17 20 -48 -21 -35 -16 -23 7 22 -23 -19 17 24 -2]
[-1 -29 18 26 28 -14 15 2 -23 -13 -12 19 -9 -4 -65]
[11 -23 -34 -1 -16 5 27 16 45 10 -1 -27 -41 -59 -10]
[66 -34 18 40 0 46 16 30 19 36 -1 57 -28 20 24]
[10 -18 -13 -20 11 -14 20 57 -10 -11 -26 19 12 16 1]
[-6 5 -26 3 14 43 36 22 -8 4 41 12 12 -7 6]
[6 -18 -18 34 22 3 17 -23 14 20 56 -49 -36 -15 -5]
[-31 46 34 20 22 21 52 9 -37 -12 -70 -28 -16 -21 -12]
[-20 28 25 -14 8 9 16 30 33 11 -13 6 -18 -2 50]
[-32 -17 -19 -25 -3 -8 45 32 19 56 11 73 -14 20 -11]
[3 -43 -5 -32 -32 -6 -7 40 53 -3 0 34 48 6 11]
[-10 23 -4 -21 18 -17 -29 1 -34 -22 8 -79 5 0 9]
[-15 12 -6 17 51 -3 6 -34 22 -10 23 -16 -27 -52 -26]
[11 -4 29 -1 2 14 10 -28 23 2 39 10 54 2 7]
[-15 -16 -18 -38 -68 -15 -2 -20 -7 33 -9 5 -16 15 -6]
[-22 -46 -35 32 -50 4 20 -23 -15 5 -17 -2 -6 5 27]
[21 9 12 -27 -56 -33 -14 -15 -11 -17 -8 2 -9 12 25]
[18 -35 29 48 -38 -15 85 55 44 12 -9 -51 -42 -22]
[-4 5 -13 -2 -9 -11 4 7 23 24 22 20 -4 -6 12]
[28 -14 13 -25 3 13 24 34 5 54 3 69 -18 24 -17]
[47 6 22 0 22 -53 72 -21 -57 -31 -65 -39 -40 -29 7]
[19 16 2 11 -3 33 20 1 21 -49 74 -6 -30 -12 -45]
[17 48 -33 0 39 -33 -62 20 -51 38 -16 -9 -9 -2 -7]
[13 -12 15 33 24 4 -15 -3 0 -2 -9 -21 1 32 41]
[-2 -51 22 22 37 44 28 49 23 39 48 19 1 -28 14]
[20 8 1 2 6 63 21 -7 -29 33 6 4 23 60 6]
[16 -3 22 -32 19 -36 -10 35 -3 -30 30 -12 -30 12 1]
[12 12 31 49 18 21 33 11 10 19 15 32 17 -30 -19]
[-38 -25 -19 -20 -33 56 -28 14 -35 15 -10 11 -12 -15 -6]
[32 -10 -20 6 -16 1 20 5 1 17 57 35 32 46 -12]
[12 -11 23 1 18 2 27 -5 21 28 -50 -28 -42 -15 -58]
[51 48 63 15 34 13 0 7 -35 18 -8 31 5 -17 -6]
[-29 -32 52 4 -2 -5 7 -49 -14 -34 -20 -21 -67 -38]
[-9 -6 15 12 30 0 40 24 -6 -7 -10 -34 -25 2]
[-7 -22 -14 39 -28 -16 -40 -57 5 -23 -6 28 15 -19 -9]
[30 -20 5 33 -4 56 3 44 40 15 14 37 -11 17 2]
[-1 -9 -16 27 -9 -28 -36 -6 20 -4 -36 -16 0 -5 -22]
[-42 7 16 -1 12 -42 -6 10 12 -43 34 -37 37 53 -33]
[-24 27 60 -10 -64 0 -14 -5 12 4 -47 1 20 -38 -19]
[87 -47 -44 -40 -42 -22 -15 3 14 -12 -27 13 -17 -109]
[38 46 -38 -22 -13 6 -19 -43 -5 -86 -1 78 8 -56 7]
[3 -21 -23 8 -17 8 -3 8 -4 14 -26 -17 2 20 -3]
[-36 24 47 15 -27 -29 -15 -12 24 -15 -33 -5 -18 -45 2]
[22 -21 20 2 -29 -44 -31 -15 33 21 65 38 52 41 1]
[-25 -20 7 -4 8 39 -25 105 10 -64 5 -17 -16 -42 -18]
[4 -23 2 -25 -40 -60 -14 -13 -51 -4 -38 -21 -48 40 13]
[33 28 13 1 1 30 -61 -3 -24 0 -26 38 37 52 1]
[22 27 -25 18 -7 20 0 -12 -70 30 -24 -6 35 -7 33]
[4 6 45 23 -12 3 32 -10 28 -8 38 3 -15 -16 -8]
[12 -14 9 -14 -24 -41 -17 -5 -11 -12 -14 -27 -18 -15 -50]
[-8 49 25 11 -26 -7 -47 -26 -21 -69 -24 62 -1 64 16]
[-38 -30 8 6 -50 -26 -3 0 -32 -9 8 -19 30 -34 11]
[-1 -48 -34 46 10 -18 23 14 -8 10 73 32 14 30 22]
[18 -20 20 -4 19 -40 -3 16 35 -17 -25 36 22 32 5]
[-13 13 -14 -3 50 35 19 -17 21 7 34 9 -9 33 23]
[13 -20 36 -18 0 -52 3 -32 29 -19 -22 14 19 31 28]
[56 67 -13 -9 8 50 121 8 6 17 89 -50 27 42 4]
[11 13 -7 -4 -3 -7 -1 10 46 27 15 -17 -32 13 21]
[31 -62 -22 11 -24 27 48 -16 -17 10 20 -20 29 -8 31]
[18 22 29 -53 -17 -31 -31 2 -42 -15 -10 7 -57 -9 -37]
[-16 -22 -82 -21 -7 -31 -29 -11 -58 15 -66 -17 -9 -15 -19]
[-22 10 25 8 35 6 -10 11 1 -5 10 18 6 30 7]
[34 3 -34 -3 -7 17 10 -9 -6 17 4 7 4 34 1]
[-4 -29 15 8 24 9 26 -30 30 -37 -7 0 -22 -9 40]
[-5 0 20 -13 28 30 19 22 -34 -21 27 -4 15 25 6]
[-12 -23 -23 1 15 4 -25 -16 -71 -50 -24 -44 -6 23 -29]
[58 -30 -24 -29 -19 -76 -54 1 3 -5 2 38 37 30 -3]
[-7 55 -26 20 0 24 -9 2 -41 -6 -10 23 17 22 -18]
[-50 -47 5 -11 -21 6 -44 -43 -2 -75 -55 -24 -14 57 -7]
[-3 15 22 7 -21 -54 -20 -61 -19 -61 -18 -17 -4 10 4]
[-36 58 39 -45 32 32 -9 2 34 -52 18 -15 15 -8 3]
[30 30 -27 5 15 19 -4 -5 -31 30 23 36 -25 -28 -8]
[28 -7 20 -25 -9 -8 32 31 34 75 31 34 -55 -17 -5]
[-35 2 -18 -32 -20 -30 -51 -26 -26 -19 -24 -20 -17 -67 -23]
[-9 23 -71 -27 -35 24 -6 5 12 48 -3 3 20 54 27]
[49 39 5 -32 12 -8 9 -11 49 -36 -13 -39 -34 22 -7]
[-49 -6 -9 -12 -54 8 -17 -6 26 -15 -15 -14 19 0 -8]
[-10 36 29 15 54 31 44 22 -10 -10 -19 -29 24 -15 2]
[-26 -20 10 9 23 -14 9 -34 -13 -15 38 38 -4 5 45]
[3 44 2 -43 46 -37 47 2 -9 2 51 -35 17 -22 38]
[-14 23 -6 -55 -9 41 -7 -8 -21 28 4 -4 -22 -25 -19]
[3 71 51 5 -5 -42 -40 -27 39 11 -30 -20 7 9 -7]
[-41 25 33 -3 0 -2 -12 -15 -10 -27 39 26 -13 75 2]
[34 5 18 72 36 -19 25 9 -23 3 -32 19 -3 20 -29]
[18 22 40 22 -1 3 -57 -6 10 94 30 -3 40 46]
[-33 -82 -29 20 -15 -17 8 -60 -16 -8 14 -39 -1 45 -3]
[-16 -14 34 -6 30 11 51 -24 29 -43 -2 -18 -43 -40 2]
[7 -20 46 14 5 -2 8 44 28 -12 14 35 -3 3 2]
[0 63 40 41 -1 -5 0 43 -26 -2 -40 25 18 -40 -6]
[-1 -2 1 56 7 10 -57 -7 -41 -26 -37 4 -2 -43 2]
[-1 18 -2 -11 85 31 35 20 51 -1 18 50 1 -10 2]
[19 -1 15 8 14 -14 -27 -33 6 -30 -8 8 -40 -12 15]
[36 -13 -24 12 20 -24 -31 20 -22 35 -24 26 11 -4 -5]
[-26 -29 -47 -25 -35 -4 -17 6 37 27 -4 -8 6 54 15]
[19 -8 -20 25 -29 14 -30 7 3 12 -30 12 -36 -2 16]
[8 0 -4 -23 -13 -19 -45 -27 -15 7 -15 62 11 -43 -4]
[-10 37 0 39 -12 0 28 -34 13 16 -40 19 -75 -47 -10]
[-2 -23 11 14 0 28 -24 -4 -15 -30 29 17 5 43 21]
[6 -31 -86 -36 24 -18 -7 13 36 -24 34 -24 -81 -38 -4]
[-21 -10 -23 -7 4 -2 -47 -76 -56 12 33 -10 -24 -19 3]
[61 24 -8 8 -10 -26 -41 -9 -18 -44 -11 33 -2 26 16]
[46 -22 -21 -38 24 -56 -33 -51 7 15 -36 -33 3 -34 2]
[-25 -42 -21 -38 -37 15 -21 -53 23 40 -24 2 9 23 4]
[-22 -25 -63 -23 -44 -26 -80 -40 -51 -6 -52 15 47 7 -4]
[15 17 5 36 -26 0 -31 18 13 37 -4 -22 -7 7 32]
[-9 30 -36 10 -33 -92 -22 -34 -36 -35 -111 -26 -45 -41 -17]
[-37 0 -8 15 -5 31 -25 67 -29 10 13 -11 -25 34 -3]
[2 -19 3 -3 3 -30 -48 11 -21 -17 -37 -16 -61 8 12]
[8 -24 19 0 3 -26 16 -65 19 -17 -35 -33 -16 7 -25]
[-19 4 46 -28 0 -24 36 -33 74 5 43 -11 8 -11 -2]
[21 -8 -35 -35 -33 -7 57 74 -1 36 28 30 -13 -39 13]
[22 9 17 1 13 -14 -49 11 -5 5 14 13 41 -1 6]
[50 0 4 -27 30 8 -59 48 -15 20 -39 17 8 5 -30]
[4 -25 -32 -25 -33 -22 -40 2 1 29 3 -4 -27 -5 -10]
[52 56 -20 -20 2 8 -3 7 -20 -37 -34 -17 -31 -24 -4]
[0 -23 -27 -64 -33 -63 -53 17 0 -25 7 -31 -20 -10 9]
[-49 1 -32 4 11 7 -9 -33 12 24 44 -6 52 -18 14]
[7 -37 1 12 -5 -10 15 22 43 -25 35 -23 -6 -23 -33]
[55 68 34 42 -6 10 25 -4 37 34 25 31 -4 -9 -8]
[-20 32 25 -2 -22 18 4 -27 -46 -4 -4 -45 -19 -31 1]
[37 -28 16 60 16 17 -7 27 -19 -45 27 -21 13 59 7]
[-28 -10 -15 -38 -22 7 -30 -22 -21 -28 -22 0 -36 -43]
[3 0 3 26 11 22 29 11 15 21 2 6 -25 9 -18]
[-18 4 -45 18 -3 11 -36 19 -22 -4 8 12 -5 -11 14]
[-74 -10 -35 -25 21 14 39 10 29 -14 -26 -33 -25 36 -16]
[-3 -3 -11 -29 -14 0 -16 -16 -20 -28 -22 12 18 12 -8]
[-24 -15 -4 -20 3 -20 -30 3 10 26 -10 -17 -23 -13 -11]
[-23 0 52 -12 -40 -37 29 15 -2 12 14 -20 -20 -89 1]
[-48 1 10 -35 17 -3 -123 -18 -13 25 37 -1 33 -9 7]
[-13 -11 21 -25 -18 65 19 -5 -53 -8 -22 30 -3 35 36]
[50 19 7 8 13 15 18 4 -17 -12 -23 2 8 15 37]
[17 37 38 26 -11 61 6 -33 -13 8 5 2 -13 -41 -64]
[6 -9 8 8 -8 -3 33 53 53 16 -2 8 19 62 8]
[16 -19 -17 -13 -29 -6 6 2 -17 28 7 10 35 -2 15]
[-1 -21 -42 -20 -37 1 -6 2 13 0 -13 -24 18 -13 20]
[37 89 -16 21 -14 3 4 -42 47 -29 58 -57 31 -53 14]
[27 8 -28 8 -6 -20 -10 49 6 34 4 46 0 16 25]
[-16 -16 8 -11 -26 -17 -16 17 -22 -31 52 -63 2 19 6]
[-3 -87 -13 3 -18 3 -23 -11 -52 -17 -25 -26 1 -18 10]
[-25 -14 60 40 21 -3 24 0 -27 -26 56 14 -16 60 -5]
[-19 20 -39 -30 22 -14 -12 -13 -5 -20 16 3 -3 20 -2]
[-16 32 11 41 -12 70 48 48 36 -27 -1 15 24 8 -16]
[19 77 68 57 31 37 -12 7 23 9 45 23 13 2 5]
[43 28 8 48 -15 -1 6 -6 36 29 14 22 -2 -13 25]
[-20 -7 -36 -28 -3 18 3 8 17 -21 -27 -44 -52 3 6]
[-15 -49 -18 -13 0 -35 22 4 29 -45 -18 16 15 1 1]
[31 14 28 37 16 52 40 -6 -46 -7 -1 -12 -27 -5]
[-43 24 -41 33 -23 -1 -31 27 42 36 15 17 60 0 5]
[42 2 -22 -27 -12 1 48 40 -42 -3 -65 -22 -9 -22 -35]
[-19 3 -35 49 -51 43 3 27 11 18 23 37 -55 32]
[33 17 43 -2 34 -5 -26 3 -19 21 10 -10 8 57 2]
[14 -28 -16 42 37 4 94 -38 19 -1 -62 -4 -40 26 -32]
[-32 -20 -8 9 -53 -47 -52 -16 -14 7 -2 3 40 5 -3]
[51 21 24 6 32 22 -2 -42 -13 23 7 28 5 -1 1]
[15 0 -2 -36 42 6 8 -12 30 6 -6 5 -4 -18 -54]
[-18 -35 12 22 -16 -12 -1 -17 -36 17 31 32 19 -13 3]
[6 42 54 27 -1 -6 -38 -65 -25 -18 3 4 0 -10 1]
[31 -12 5 -2 -6 9 -12 -6 -38 -38 -75 -34 -15 27 1]
[25 30 -12 14 10 3 25 9 16 22 42 29 28 29 10]
[49 102 64 22 -12 50 -48 76 49 10 -19 -27 -2 -32 -14]
[58 32 70 26 64 28 5 21 -51 -56 -36 -23 -24 -15 -8]
[5 -23 8 -13 -8 -10 -17 2 -19 20 9 4 16 -21 6]
[22 -30 36 -58 2 13 -10 -8 3 14 -58 24 -27 -30 44]
[-23 -9 17 2 -20 2 -2 -16 -5 44 6 -10 -18 33 -15]
[-23 -24 -16 12 -81 40 49 38 -19 4 2 -2 -58 -53 13]
[-1 19 -46 -9 -42 -18 7 11 8 26 -29 -2 -10 2 3]
[-20 46 22 1 6 -18 -22 5 28 5 -44 14 34 -20 -9]
[37 -16 7 23 -42 -22 -18 9 -37 33 22 34 34 24 8]
[44 -1 7 42 -26 27 -3 50 42 28 -7 14 -9 -27 1]
[21 22 0 -4 17 7 38 7 -13 -1 20 6 18 7]
[-40 28 -3 10 15 15 36 -31 13 -39 -13 25 31 10 3]
[-41 -35 38 -35 -65 19 -34 -37 -4 -11 -37 -5 6 -18]
[12 -28 6 -8 7 29 46 23 53 37 12 18 -55 8 1]
[-1 7 -60 -86 -32 -13 23 -5 6 11 -5 11 40 -7 1]
[-12 -44 20 -48 -16 -33 6 -17 2 -4 7 -51 37 9 -54]
[9 63 -6 22 2 -10 11 -24 33 30 10 -10 18 -9 6]
[-51 -45 -32 -14 -66 1 -52 -49 6 -36 -25 12 44 30 -6]
[-18 -17 -17 -29 -29 -9 15 -23 -54 -10 -17 -19 13 -8 -15]
[-13 13 21 31 -9 -10 -29 25 6 -1 -17 -16 3 1 -10]
[-37 -10 -5 5 5 51 36 52 59 23 45 1 -29 -20 -21]
[15 10 72 14 21 0 6 -3 37 54 31 64 78 8 -17]
[18 -7 20 -72 -14 -52 -14 -38 -9 -60 -30 -56 -31 -6 24]
[-9 -1 -16 -3 -15 29 29 20 -2 -33 -12 11 23 -20 -17]
[-25 1 67 22 53 5 47 1 -21 -65 -16 9 47 28 -52]
[35 71 9 -30 32 62 37 -6 23 8 -26 -26 -19 -24 -8]
[3 43 -57 6 9 -47 -51 -6 56 50 2 -11 23 -29 6]
[-7 10 16 3 -16 35 -65 -6 6 37 -2 42 -6 37 -12]
[32 43 22 44 69 -11 24 32 -17 35 14 25 -18 -11 7]
[41 -40 50 -15 -21 -6 11 -27 50 -54 5 6 -4 -22 -7]
[28 -8 9 2 5 14 -30 -33 -49 -9 45 -5 -4 51 3]
[8 3 -10 4 -43 -54 -40 1 -55 -7 -8 21 -13 -13 2]
[22 -8 29 17 52 38 25 27 35 0 -24 -14 -27 -9 -6]
[-35 -35 -31 -9 10 -32 -3 -10 27 23 23 34 10 45 -5]
[-10 -18 47 24 -53 44 -80 -14 -16 6 -67 10 -36 -4 16]
[6 -28 -8 18 -18 3 3 -20 -16 14 -1 -7 49 25 9]
[1 8 -43 -25 -35 -32 -43 -24 -22 -18 12 -4 -4 38 -12]
[3 -62 -10 2 8 -18 35 -20 1 30 22 48 23 -30 1]
[36 28 43 19 -22 32 -18 1 -6 -11 0 -15 22 -33 12]
[0 -7 9 -48 12 14 -6 -18 30 -19 -31 -21 -15 -12 -19]
[8 12 -3 -9 33 36 6 -34 24 -28 14 -13 -21 46 -13]
[-15 -35 -18 -76 -11 -5 -12 2 19 -2 39 13 17 5 -19]
[-40 1 23 1 -13 20 16 -4 -4 -12 32 -2 -28 -18 -6]
[46 10 10 40 13 -26 -1 19 -18 -41 -22 -8 3 -14 4]
[42 4 -7 -49 -20 -18 19 -43 2 -26 -30 0 6 -15 -8]
[20 -21 10 -28 -35 1 22 14 67 27 2 -65 -32 -32 4]
[-7 28 -49 41 -1 -10 -7 42 60 -11 19 58 25 61 2]
[-34 3 -30 -20 -58 -14 26 -18 -3 0 6 -34 2 12 6]
[13 7 -9 -25 47 11 9 -33 31 -17 -47 3 -13 -16 -20]
[27 -11 21 41 65 -2 10 25 48 27 35 16 -16 -9 16]
[-23 -20 40 -10 4 -14 2 -11 8 -48 -48 -34 -55 -23 15]
[-15 -19 -20 21 -29 36 -33 5 -37 25 13 11 5 46 7]
[20 6 84 29 18 1 38 -6 -7 10 -12 26 -34 6 10]
[-1 -13 8 -12 6 14 -19 -48 -29 -28 -21 6 31 27 24]
[-25 -78 -32 4 -9 -23 27 18 -15 -6 -60 -40 24 -17 -2]
[-2 -25 40 58 -37 -6 -21 -61 -21 17 7 18 -34 -6 -32]
[27 13 36 8 48 21 51 -6 3 -38 -40 -28 -52 -26 1]
[57 36 53 6 16 -3 -67 -15 -19 8 5 -14 0 42 -18]
[51 -2 44 6 -56 -10 10 -28 -5 -10 -47 -28 -4 -17 -11]
[9 -9 -16 -2 -21 -25 -12 -20 -6 -2 -5 -19 -37 1 -12]
[27 11 -23 1 -1 -45 8 -10 11 20 -5 32 7 -33 -19]
[-14 -36 -25 -47 -37 -23 -14 -38 -20 -54 -28 -41 -43 -41 -20]
[25 -17 26 -29 -20 -37 -53 -48 -43 -60 -39 -8 13 17 -3]
[-5 -21 -13 19 -3 48 33 -26 11 -60 -16 -45 -65 23 -4]
[49 7 -11 12 58 -5 -2 -54 10 24 7 -29 -3 26 -21]
[37 -15 -22 9 -44 -1 -19 -36 -7 -22 -47 14 -10 -41 -13]
[-63 37 -59 -28 -22 -13 20 33 20 -53 37 17 -11 -34 8]
[13 -34 -7 24 30 -6 3 -34 27 2 29 3 -28 -5 -7]
[-27 -23 9 4 -18 -37 -47 -20 12 -8 2 7 32 -3 8]
[-37 -3 24 -42 -11 -48 14 -36 17 35 -23 8 38 -8 1]
[-32 4 -15 -41 -6 -19 0 -1 -38 -43 0 6 -26 26 3]
[28 41 20 14 7 -20 -52 -12 -19 -12 -37 24 26 31 -4]
[-2 -58 23 17 -43 5 -19 -12 39 -17 13 26 -15 21 9]
[1 61 -45 32 14 -4 9 40 -35 37 -16 25 20 25 -9]
[22 -41 2 -3 1 4 27 -19 16 -51 50 -33 1 -22 34]
[56 -46 -10 -34 25 -11 24 47 -67 -47 27 -60 -5 -8 31]
[-5 5 26 23 -38 15 -26 -1 -41 -3 -13 16 -5 10 13]
[-17 22 -21 -28 34 18 -47 9 -33 23 3 -43 6 -5 -12]
[-4 18 28 53 51 28 51 -7 -19 17 -19 19 6 -5 11]
[23 23 23 -9 21 -15 -8 7 8 5 -13 -18 18 -6 9]
[6 54 30 31 -55 -60 -17 18 -9 9 18 -4 -13 10 -17]
[-73 17 -30 -53 40 -16 -48 15 -18 -12 -12 -6 -38 -27 2]
[-6 0 37 14 -1 2 9 37 0 41 16 -15 -15 -11 -26]
[-1 33 17 -2 -46 2 17 34 15 13 52 -6 55 50 -15]
[1 -47 43 25 -4 35 -25 -25 45 -19 1 5 43 38 2]
[4 -3 -22 -41 -32 20 -30 -21 -24 -17 -16 -21 -15 -36 -45]
[-57 -42 -13 -21 -9 37 31 71 32 21 35 17 5 8 3]
[-47 10 -2 -31 22 -19 -38 -57 -60 -29 -39 15 6 1 1]
[1 -28 61 21 27 14 9 30 44 74 -20 6 -1 -44 -2]
[27 -9 32 44 34 -11 27 -14 16 -1 -22 -24 -25 2 2]
[7 4 54 85 5 -31 -35 -23 6 18 31 -7 -14 10 7]
[7 35 23 17 33 17 49 71 46 15 4 50 -4 -16 1]
[0 -39 -44 34 -103 42 -36 29 -29 -12 25 -20 -25 52 1]
[12 56 39 -25 -31 -16 -21 -61 -36 19 36 79 8 49]
[-13 39 -16 14 -16 28 -35 1 -37 -25 -44 -102 -54 -13 -2]
[10 -59 5 74 2 26 28 18 -21 -29 -32 -3 18 0 -17]
[-43 -15 25 17 0 23 39 48 -5 22 19 -22 -49 -8 -10]
[22 12 5 -25 15 -20 33 18 41 55 10 16 -13 27 22]
[-2 1 -10 14 4 1 24 3 22 -11 -8 -3 -5 27 -35]
[-1 34 19 34 26 14 43 -2 16 -45 -30 -92 -9 -56 8]
[32 -14 -4 19 -38 -6 -45 6 -10 0 -14 -16 73 37 -23]
[-3 0 3 4 8 -28 37 28 35 -25 16 11 15 12 -12]
[21 25 8 -25 20 11 -10 -15 -47 4 -3 13 -21 47 33]
[8 -38 3 -4 -9 16 -48 -31 -10 -10 31 -22 -37 -18 19]
[50 -25 -37 -6 -37 -32 49 -34 -21 -10 22 10 54 21 -9]
[-11 22 11 -1 -43 35 40 13 -14 27 6 10 -15 -34 -35]
[30 9 28 33 4 35 29 44 3 47 26 9 -73 -48 -16]
[23 24 -24 27 34 70 -16 -6 -4 -38 -4 49 -20 -68 -23]
[-1 36 30 2 74 6 34 76 -12 -42 -29 -44 -75 -29 1]
[18 9 7 35 27 18 -31 -4 -22 28 -4 36 14 -1 -8]
[-40 -12 16 3 -20 -42 -20 -32 -15 15 -26 4 -52 -29 -5]
[-41 -17 -54 -42 -34 -16 8 -23 2 9 -23 -27 -26 5 -13]
[18 -34 -26 25 1 18 -20 35 -28 29 30 -32 17 -60 -15]
[49 14 -1 30 35 22 -8 -12 2 -8 -15 -32 -28 -16 -2]
[-35 -9 -9 -16 -24 -1 11 9 -47 -38 -21 -2 -7 11 -25]
[57 -15 -19 32 -46 11 41 38 -9 5 16 12 7 32 -15]
[-43 2 -3 -20 -13 -20 -5 23 3 -17 49 -6 -23 9 3]
[8 -4 45 -7 -7 -5 17 11 -33 37 17 37 0 47 -64]
[15 -70 22 5 -8 -32 55 19 -28 46 -19 -10 7 -12 2]
[71 42 4 40 13 -41 -14 -38 -76 -21 2 -32 -14 45]
[18 20 14 10 4 -20 -43 -64 -23 -41 -15 -38 31 -32]
[-8 43 25 -40 23 48 39 -8 -24 -20 -20 -69 -55 -2 1]
[-16 -47 5 24 17 -22 5 21 -11 14 -22 35 33 33 24]
[11 3 -2 4 42 32 8 -15 2 -3 16 -51 11 -2 -26]
[18 49 -10 61 2 12 40 -6 43 21 8 18 -6 40 -3]
[-45 -25 28 -10 -38 -16 32 62 33 34 0 -41 -44 -15 15]
[22 27 36 22 6 -2 -5 -12 16 -7 -27 -20 23 -19 30]
[1 -9 4 -45 24 0 -24 38 5 2 -35 -12 71 57 8]
[-6 -36 -44 30 22 -49 -15 11 2 4 -11 73 42 26 11]
[-44 40 -9 -27 1 20 -12 7 23 -59 -15 12 -24 -21 -41]
[-23 -18 44 2 -36 -19 3 -7 -3 27 -33 8 -7 19 36]
[-45 -11 49 23 -24 -32 -60 35 20 25 -50 18 3 34 -2]
[-19 55 3 30 28 -13 -1 -20 26 -59 32 -24 0 28 2]
[-42 -9 14 39 52 64 40 -23 -16 -22 0 5 24 -12 22]
[-6 4 -12 -29 -16 -11 23 5 -47 -41 -23 -14 -14 -46 -15]
[-27 -5 -19 -106 -95 0 23 18 -52 28 -10 -65 -30 17 -4]
[74 73 16 0 20 98 19 19 -2 40 6 1 -62 -16 1]
[10 15 -9 48 -25 1 53 -15 -29 4 -29 42 -5 2 -10]
[34 28 -12 -28 76 77 -26 44 4 -1 -21 31 83 53 -6]
[13 1 -2 27 11 36 1 15 -22 9 2 59 33 -93 50]
[-19 -6 8 9 0 -51 -53 -23 -24 34 27 17 -2 -13 1]
[-11 35 4 15 5 -17 12 -10 15 39 8 25 3 -16 -8]
[29 56 19 -43 -3 -13 30 23 -27 25 8 -66 -1 -10 -8]
[42 -7 -68 65 42 -8 45 49 -51 56 -26 -72 -15 -33 -3]
[13 42 36 6 46 -1 -61 -26 -16 17 -14 9 2 4 -3]
[-31 10 30 -56 4 57 67 49 68 -20 -43 -6 39 72 -2]
[3 -42 -30 -19 -18 -2 13 -1 6 1 -5 -4 -11 -9 -14]
[-22 -6 -20 -70 -51 40 7 -26 -47 -1 -16 -14 -3 30 2]
[36 3 25 8 41 28 23 26 71 23 16 9 -15 -30 -24]
[-8 -22 7 -6 20 0 37 -33 -2 30 -23 -33 -8 0 -17]
[24 -1 34 10 11 18 10 -28 -1 -23 -8 -2 -34 6 8]
[38 26 4 -5 18 30 -19 21 25 27 43 31 7 -8 -17]
[3 14 18 24 17 58 50 61 39 24 31 27 9 19 27]
[-19 -46 -4 -28 -35 -22 -7 -12 16 -11 -21 9 16 -6 20]
[4 34 59 -7 50 -5 -28 76 -25 64 2 -4 33 -53 11]
[-9 -58 -77 7 -38 -1 70 -77 -32 28 -78 -24 19 22 1]
[17 -12 -43 -18 -7 -26 -32 -19 11 16 20 4 -4 -1 7]
[-45 -36 2 -5 -15 -4 -17 -25 -52 -47 -56 -21 3 6 -53]
[-26 -23 -11 3 50 38 -43 -60 9 51 45 -12 -37 -16 16]
[33 18 -20 15 -8 -1 11 -11 -19 -14 4 -68 -49 18 -9]
[12 20 31 20 10 6 19 8 12 11 28 24 23 21 21]
[41 44 23 25 22 -34 -53 -32 5 6 -10 -5 -6 51 10]
[-36 34 0 26 -43 0 -47 2 8 11 -19 -42 -3 -66]
[-7 20 16 -30 30 -24 -8 5 13 5 2 -11 14 3 -16]
[11 2 25 -18 28 0 14 -12 -3 0 -22 -10 -7 8 -34]
[-34 16 0 51 32 67 45 62 32 17 16 -30 -18 -29 -4]
[-30 3 36 62 52 49 13 6 2 -37 -32 1 -13 -4 1]
[20 2 -29 47 -33 -4 -25 -46 -36 -11 -37 -6 -4 -6 -6]
[8 32 -3 -32 37 5 5 31 23 -14 -40 -22 -18 13 -34]
[12 25 17 12 4 -26 -18 -22 -12 -37 -36 3 6 -12 -32]
[-45 -61 -17 -40 -19 -16 16 4 -38 -30 23 9 7 -10 3]
[-43 -15 -90 -17 -20 -22 -24 -12 -61 36 32 46 -29 -33 4]
[-47 -30 -4 1 -12 25 31 18 -6 1 -7 -32 -17 9 7]
[-50 -18 -6 8 7 -10 -2 -11 -21 27 -45 4 -29 26 16]
[-36 62 -4 13 0 -28 39 20 -24 -3 23 67 -29 34 6]
[22 -38 32 3 20 0 27 -21 49 4 -39 -1 -9 -3 -75]
[7 6 -18 -12 36 -8 -7 31 22 34 1 28 44 19 -35]
[67 20 7 12 -44 -14 51 4 -10 -30 3 -48 -8 -9 2]
[-38 -5 -28 -74 10 -15 0 27 -16 90 10 6 54 12 2]
[5 -39 1 -37 -25 -6 11 68 3 -10 -7 -61 -1 -29 -18]
[-21 3 12 -35 7 -24 -20 -45 -19 -20 -43 -1 -5 -1 -6]
[-17 -13 -39 -37 9 0 -33 4 -28 -17 -37 -52 -30 -18 11]
[-9 6 10 -39 -24 -13 -33 -17 -5 -41 17 21 27 37 1]
[-65 -77 -17 -47 1 -106 -2 -32 -44 -33 -32 -4 -48 26 2]
[43 30 28 19 -22 -35 -22 -11 -53 -28 -50 -80 -42 -5 7]
[-20 -3 32 -39 5 -15 -40 -1 -5 -36 -27 -24 0 -12 1]
[20 22 4 51 39 40 6 8 -40 53 58 -24 38 -25 5]
[20 -9 8 -34 -13 -15 -20 -40 -14 2 -40 16 25 0 10]
[-14 37 -17 5 13 54 44 5 25 38 37 32 15 42 15]
[8 -39 -20 30 7 -22 -20 -29 -16 -15 6 17 51 2 52]
[27 25 -15 8 31 17 -4 12 19 -8 16 15 -4 1 -10]
[35 -24 -4 -14 17 -9 -7 -5 13 -10 20 -30 -13 -22 21]
[23 12 36 24 13 1 -19 5 4 15 18 11 -15 16 -6]
[46 30 -47 -12 -37 12 -15 -20 26 29 54 47 -28 7 -13]
[-12 -2 24 -8 4 41 -3 25 14 10 46 36 31 50]
[60 37 -7 4 -25 10 11 14 -4 23 -12 -28 -15 -32 -11]
[-24 -20 -42 -16 -14 11 23 12 35 0 18 37 -10 3 -16]
[62 14 63 67 59 24 -18 -9 -3 20 11 -11 -24 -63]
[-20 43 15 54 11 77 57 33 -10 -15 -33 -53 8 1 -27]
[20 9 -69 31 10 22 -4 36 68 -17 30 -18 31 -34 5]
[24 29 32 37 31 48 45 2 39 17 21 -25 -27 0 9]
[-19 0 -2 -40 13 -47 -65 35 0 4 -43 -2 -34 -37 12]
[-18 -35 -2 -19 -50 -2 14 32 -18 -46 14 14 38 -13 8]
[-31 43 28 -20 27 24 -35 23 22 8 -47 -11 -3 -54 1]
[14 4 14 -14 25 -42 0 11 45 -12 12 -18 10 37 4]
[41 -36 7 -8 -19 -1 4 -3 26 1 -6 39 10 -9 6]
[-22 23 -44 31 -44 40 -57 25 -26 39 12 19 36 -11 3]
[19 35 -28 -28 16 49 43 7 16 5 -18 4 4 -11 -4]
[45 2 -46 -18 -27 21 -21 -58 -11 25 -23 -47 -45 -32 -20]
[-13 80 -5 12 -18 30 -21 -2 65 -18 9 4 -88 36 1]
[53 -18 -52 -23 31 -14 19 27 24 34 54 10 -2 20 -10]
[23 -34 -13 37 -8 10 -4 48 19 8 9 -1 -6 12 14]
[13 0 19 26 9 28 5 -3 14 -24 -46 -60 -66 -6 -20]
[-14 44 -7 -18 28 17 13 46 -22 24 36 39 -25 -15 28]
[25 4 13 -8 16 32 27 59 38 14 -8 -35 -28 -12 2]
[-1 -42 5 -30 -12 6 -24 19 -51 6 -20 29 -4 1 -20]
[54 23 0 26 -2 23 -8 -20 -25 -15 -10 10 -22 -8 -6]
[24 42 -29 55 -17 -18 6 -38 -4 -10 4 -36 -6 58 8]
[15 7 -43 22 36 -15 -6 65 -23 -16 10 -48 0 -37 -17]
[19 -2 -5 41 3 -35 -31 -53 -34 -11 -9 -12 47 -4 32]
[-31 -64 9 27 29 7 9 5 6 -5 -39 -46 30 5 -12]
[-12 -24 -16 2 -21 -40 10 8 -22 -13 -13 6 -10 13 -17]
[-11 16 19 47 -9 38 -11 17 -2 -8 -26 -20 -38 6 -41]
[0 -4 22 -44 -7 11 -36 -19 10 -4 -13 -11 -22 19 -7]
[-10 -33 -7 22 1 34 -12 36 -50 -49 3 20 31 -30 -28]
[-14 -8 7 16 -23 -38 -8 43 -10 -26 22 11 -15 -37 -19]
[-35 -40 -13 -3 -6 9 25 -13 -4 16 51 19 -9 -8 11]
[-4 1 -30 -4 -23 -35 -50 -39 -18 -37 14 -10 12 -3 -9]
[44 -16 40 -1 -9 -35 27 -68 8 -16 61 50 51 29 27]
[-14 19 1 16 65 9 -12 -23 -11 -41 -16 -15 -14 1 -2]
[-38 -60 -1 1 47 15 13 -57 -65 -38 -7 -24 12 48 7]
[-21 25 27 29 24 -25 22 0 -22 -14 -1 -42 14 -8 22]
[7 -18 -27 -7 23 37 34 -5 -34 30 61 2 -27 -32 22]
[51 1 -13 -26 -10 -24 -6 -36 -14 14 9 6 -47 -7 -19]
[22 2 4 -28 -47 -21 13 20 35 24 -17 -28 33 27 15]
[-41 -36 29 -5 4 -8 2 40 -10 12 -13 -1 5 1 10]
[-23 -23 -20 -18 -27 -36 -18 23 -8 -53 -60 -24 6 2 -7]
[11 -43 27 -9 -8 9 -16 26 -2 -12 -1 -6 -26 12 -4]
[-24 6 20 33 22 22 -13 -19 -39 -19 26 -5 20 10 -10]
[-19 12 -28 5 7 -29 -5 -71 -31 -5 21 1 -25 16 -2]
[-51 -15 -48 55 -20 33 0 25 37 15 32 -34 3 5 2]
[18 18 39 -17 -5 -48 5 -69 3 -44 10 -20 12 -14 23]
[7 47 -37 4 -38 19 -2 21 34 40 64 -21 23 -1 -22]
[13 -32 48 -53 27 -41 0 -21 8 -52 11 -6 32 -13 -3]
[-36 -52 4 -14 -60 -20 -5 -28 -17 17 -2 -19 -30 31 -10]
[-18 -8 -5 -36 18 -34 -27 6 36 35 14 -29 -4 25 19]
[8 33 12 19 -5 12 -3 -4 -9 -57 -46 -39 -1 -19 -6]
[9 -22 -38 42 -34 40 25 -10 -18 15 -51 30 18 55 13]
[-32 5 -82 -10 -39 -21 -18 -3 -12 7 42 32 24 -2 26]
[-5 -38 -52 -27 14 37 36 35 17 -14 -23 -45 -23 -31 -50]
[6 13 -20 -25 -5 -30 -12 -27 -29 -62 -29 -46 -49 -27 -11]
[16 -16 -76 -42 0 -18 12 37 -32 1 -18 19 26 24 8]
[-32 -44 -31 -14 -15 -18 -24 -42 -23 10 -3 -5 18 9 6]
[13 25 -12 16 59 44 0 20 38 14 45 -3 10 -23 -18]
[4 -22 3 -47 -40 -18 -27 11 -12 -11 -4 18 -2 -50 1]
[9 -15 -15 8 -17 -13 -34 18 49 6 44 45 27 24 5]
[-1 -19 -33 8 19 16 -21 8 13 15 -26 -37 -42 24]
[43 -5 28 1 28 18 10 23 -27 -27 -93 5 -6 30 -3]
[13 49 24 27 25 2 47 -16 6 8 32 5 27 -31 45]
[44 16 -26 -20 41 25 19 27 27 0 -21 -44 -21 -47 -38]
[7 -20 39 -10 44 32 66 7 32 -18 4 -45 -3 -19 -27]
[-30 6 -6 15 25 24 -20 -25 -9 -39 -17 -16 -24 37 -28]
[21 4 8 -27 -18 -31 -7 78 17 3 8 20 28 13 4]
[-5 -43 -2 -17 25 24 30 57 -8 32 -18 -22 3 -29 23]
[-45 -15 -37 52 15 -51 -41 0 2 -6 -6 11 -28 -16 1]
[22 17 3 5 13 1 -30 -57 -22 14 -8 -56 -57 -22 -19]
[4 19 6 18 -4 3 17 -8 -11 27 17 -13 -20 3 -12]
[19 27 20 28 24 14 19 13 28 31 -7 -23 1 20 -12]
[38 34 -25 4 5 -1 -4 8 15 -4 -39 45 -58 -59 4]
[59 83 -1 -35 23 57 0 -37 -37 -50 -46 -28 -12 -7 -24]
[-1 -20 -17 -53 -45 -22 -11 13 46 -13 -13 -59 -22 -34 -35]
[-16 -17 7 -16 8 -15 51 1 27 64 8 28 -7 8 -11]
[-36 16 -31 -9 -16 -10 -21 -13 -1 -13 18 5 38 -12 1]
[14 11 49 25 -43 -37 25 -39 -64 10 -29 36 43 37 -4]
[-15 22 -21 -1 -14 -68 -34 -28 7 -11 22 -7 14 3 13]
[-12 -33 -4 25 18 -19 -24 -10 11 -8 -34 -46 -26 22 21]
[-29 -9 -6 -1 1 -1 35 -5 38 50 15 11 50 -2 -7]
[-2 -7 -25 13 1 -14 -34 -18 2 -15 12 1 -19 19 17]
[22 -59 -24 32 -6 -24 -7 36 -6 -15 -15 48 5 19 -3]
[13 -1 -31 30 -4 40 -17 21 23 21 -10 -16 43 -17 -4]
[10 10 59 71 34 20 7 -1 -34 1 31 21 -17 19 -4]
[-30 -3 -31 -4 -1 4 45 -21 -31 43 41 45 6 -13 -3]
[-11 14 22 -29 -24 -40 -22 -54 18 -5 12 -21 -54 4 30]
[-32 4 18 1 1 8 -18 -35 10 -30 38 26 -49 7 38]
[-17 31 -55 -14 -37 18 15 -3 32 76 12 13 5 19 -23]
[-2 -26 -17 23 1 -22 3 4 2 -3 -10 5 11 -4 -15]
